Period: Wed-01-Feb@00h15 to Sun-12-Feb@23h45 @30m
Time manager_adbT(degC) floor:manager_aInSurT(degC) spandral:manager_aInSurT(degC)
32.0104,16.30,17.39,16.24
32.0313,16.22,17.30,16.14
32.0521,16.15,17.22,16.07
32.0729,16.07,17.15,15.99
32.0938,15.97,17.07,15.89
32.1146,15.89,16.99,15.80
32.1354,15.81,16.91,15.72
32.1563,15.73,16.84,15.66
32.1771,15.66,16.77,15.59
32.1979,15.60,16.70,15.51
32.2188,15.53,16.64,15.44
32.2396,15.45,16.57,15.37
32.2604,17.21,16.79,15.44
32.2813,19.00,17.13,15.91
32.3021,19.00,17.32,16.60
32.3229,19.00,17.54,17.08
32.3438,19.00,17.75,17.33
32.3646,19.23,17.97,17.59
32.3854,19.23,18.20,17.89
32.4063,19.36,18.43,18.19
32.4271,19.36,18.66,18.48
32.4479,19.24,18.85,18.70
32.4688,19.24,19.03,18.90
32.4896,19.15,19.20,19.12
32.5104,19.36,19.62,19.57
32.5313,19.81,20.43,20.63
32.5521,20.66,21.02,21.81
32.5729,21.21,21.02,22.15
32.5938,21.36,21.00,21.87
32.6146,21.60,21.34,21.95
32.6354,21.89,21.54,22.32
32.6563,21.97,21.39,22.25
32.6771,21.79,21.20,21.74
32.6979,21.49,21.05,21.22
32.7188,20.98,20.85,20.83
32.7396,20.32,20.61,20.45
32.7604,19.95,20.39,20.08
32.7813,19.74,20.20,19.76
32.8021,19.48,20.02,19.51
32.8229,19.27,19.87,19.27
32.8438,19.11,19.74,19.07
32.8646,18.97,19.62,18.94
32.8854,18.83,19.51,18.81
32.9063,18.69,19.40,18.67
32.9271,18.55,19.30,18.51
32.9479,18.43,19.20,18.37
32.9688,18.32,19.10,18.25
32.9896,18.21,19.01,18.13
33.0104,18.11,18.93,18.03
33.0313,18.01,18.84,17.95
33.0521,17.92,18.76,17.88
33.0729,17.83,18.69,17.80
33.0938,17.77,18.62,17.73
33.1146,17.71,18.56,17.68
33.1354,17.67,18.51,17.63
33.1563,17.63,18.46,17.59
33.1771,17.58,18.42,17.55
33.1979,17.54,18.37,17.50
33.2188,17.49,18.33,17.46
33.2396,17.43,18.28,17.42
33.2604,18.20,18.35,17.40
33.2813,19.00,18.48,17.53
33.3021,19.00,18.55,17.78
33.3229,19.00,18.63,17.98
33.3438,19.00,18.74,18.11
33.3646,19.18,18.89,18.29
33.3854,19.18,19.06,18.54
33.4063,19.27,19.26,18.80
33.4271,19.43,19.47,19.10
33.4479,19.48,19.67,19.40
33.4688,19.78,19.88,19.69
33.4896,20.02,20.09,19.97
33.5104,20.16,20.26,20.21
33.5313,20.21,20.38,20.39
33.5521,20.33,20.48,20.53
33.5729,20.45,20.56,20.60
33.5938,20.58,20.62,20.62
33.6146,20.77,20.67,20.65
33.6354,20.85,20.69,20.66
33.6563,20.80,20.66,20.59
33.6771,20.72,20.61,20.45
33.6979,20.64,20.56,20.31
33.7188,20.31,20.46,20.15
33.7396,19.79,20.30,19.93
33.7604,19.55,20.13,19.68
33.7813,19.45,20.01,19.47
33.8021,19.27,19.89,19.30
33.8229,19.13,19.78,19.14
33.8438,19.00,19.68,19.00
33.8646,18.89,19.59,18.88
33.8854,18.79,19.51,18.78
33.9063,18.69,19.43,18.68
33.9271,18.59,19.35,18.59
33.9479,18.47,19.26,18.48
33.9688,18.36,19.17,18.37
33.9896,18.26,19.09,18.25
34.0104,18.16,19.01,18.14
34.0313,18.08,18.93,18.06
34.0521,17.99,18.86,17.98
34.0729,17.92,18.79,17.89
34.0938,17.85,18.72,17.81
34.1146,17.78,18.66,17.75
34.1354,17.72,18.60,17.68
34.1563,17.66,18.55,17.63
34.1771,17.61,18.49,17.59
34.1979,17.56,18.44,17.53
34.2188,17.50,18.39,17.47
34.2396,17.43,18.33,17.40
34.2604,18.19,18.40,17.38
34.2813,19.00,18.53,17.50
34.3021,19.00,18.59,17.73
34.3229,19.00,18.67,17.92
34.3438,19.00,18.78,18.06
34.3646,19.15,18.95,18.26
34.3854,19.15,19.16,18.53
34.4063,19.31,19.44,18.91
34.4271,19.49,19.71,19.32
34.4479,19.54,19.88,19.63
34.4688,19.89,20.05,19.88
34.4896,20.18,20.26,20.15
34.5104,20.46,20.76,20.72
34.5313,21.08,21.75,22.02
34.5521,22.19,22.78,23.73
34.5729,23.34,23.59,25.20
34.5938,23.92,24.03,26.01
34.6146,24.00,23.92,25.77
34.6354,24.00,23.58,24.81
34.6563,23.80,23.29,23.94
34.6771,23.42,22.99,23.32
34.6979,22.97,22.71,22.77
34.7188,22.28,22.39,22.22
34.7396,21.48,22.03,21.66
34.7604,21.01,21.69,21.15
34.7813,20.68,21.41,20.71
34.8021,20.31,21.15,20.32
34.8229,20.00,20.91,20.00
34.8438,19.74,20.70,19.70
34.8646,19.49,20.51,19.44
34.8854,19.26,20.32,19.19
34.9063,19.03,20.14,18.95
34.9271,18.79,19.96,18.71
34.9479,18.56,19.77,18.45
34.9688,18.34,19.60,18.21
34.9896,18.13,19.43,18.00
35.0104,17.92,19.25,17.80
35.0313,17.69,19.08,17.60
35.0521,17.49,18.90,17.39
35.0729,17.31,18.74,17.19
35.0938,17.16,18.60,17.01
35.1146,17.04,18.48,16.86
35.1354,16.92,18.35,16.71
35.1563,16.79,18.23,16.59
35.1771,16.66,18.11,16.48
35.1979,16.54,18.00,16.36
35.2188,16.44,17.89,16.25
35.2396,16.35,17.79,16.15
35.2604,16.25,17.70,16.04
35.2813,16.15,17.60,15.94
35.3021,16.07,17.51,15.84
35.3229,16.03,17.44,15.74
35.3438,16.07,17.47,15.78
35.3646,16.37,17.76,16.21
35.3854,17.80,18.96,17.82
35.4063,20.31,21.49,21.74
35.4271,22.81,24.43,27.19
35.4479,24.00,27.00,31.80
35.4688,24.00,28.51,34.03
35.4896,24.00,28.61,33.74
35.5104,24.00,28.33,32.27
35.5313,24.00,28.22,31.30
35.5521,24.00,28.09,31.02
35.5729,24.00,27.83,30.70
35.5938,24.00,27.45,29.99
35.6146,24.00,26.99,29.00
35.6354,24.00,26.44,27.92
35.6563,24.00,25.85,26.80
35.6771,24.00,25.29,25.73
35.6979,24.00,24.74,24.72
35.7188,23.23,24.17,23.73
35.7396,22.47,23.60,22.82
35.7604,22.10,23.14,22.10
35.7813,21.48,22.71,21.55
35.8021,21.04,22.33,21.05
35.8229,20.67,22.00,20.62
35.8438,20.33,21.71,20.24
35.8646,20.06,21.46,19.92
35.8854,19.84,21.24,19.66
35.9063,19.66,21.05,19.46
35.9271,19.48,20.88,19.30
35.9479,19.25,20.70,19.11
35.9688,19.02,20.52,18.89
35.9896,18.82,20.35,18.64
36.0104,18.63,20.18,18.42
36.0313,18.45,20.01,18.24
36.0521,18.29,19.86,18.07
36.0729,18.13,19.72,17.91
36.0938,17.99,19.58,17.77
36.1146,17.85,19.44,17.63
36.1354,17.70,19.31,17.47
36.1563,17.50,19.16,17.30
36.1771,17.29,18.99,17.12
36.1979,17.11,18.83,16.91
36.2188,16.95,18.67,16.73
36.2396,16.81,18.53,16.59
36.2604,16.68,18.40,16.45
36.2813,16.55,18.27,16.31
36.3021,16.42,18.15,16.18
36.3229,16.31,18.04,16.07
36.3438,16.25,18.02,16.06
36.3646,16.38,18.23,16.41
36.3854,16.81,18.68,17.23
36.4063,17.55,19.38,18.47
36.4271,18.60,20.36,20.09
36.4479,19.94,21.63,22.07
36.4688,21.50,23.03,24.23
36.4896,23.07,24.33,26.20
36.5104,24.49,25.51,27.76
36.5313,25.74,26.54,29.00
36.5521,26.70,27.18,29.75
36.5729,27.18,27.36,29.84
36.5938,27.20,27.21,29.44
36.6146,26.85,26.70,28.53
36.6354,26.12,26.03,27.18
36.6563,25.19,25.39,25.79
36.6771,24.28,24.77,24.63
36.6979,23.48,24.18,23.69
36.7188,22.78,23.66,22.91
36.7396,22.17,23.20,22.22
36.7604,21.65,22.78,21.63
36.7813,21.20,22.42,21.13
36.8021,20.81,22.10,20.70
36.8229,20.47,21.81,20.33
36.8438,20.16,21.55,19.99
36.8646,19.89,21.31,19.70
36.8854,19.61,21.08,19.41
36.9063,19.31,20.85,19.13
36.9271,19.00,20.60,18.84
36.9479,18.74,20.37,18.57
36.9688,18.51,20.16,18.32
36.9896,18.29,19.96,18.10
37.0104,18.08,19.78,17.87
37.0313,17.89,19.60,17.66
37.0521,17.71,19.43,17.47
37.0729,17.55,19.27,17.30
37.0938,17.38,19.12,17.15
37.1146,17.21,18.97,16.98
37.1354,17.04,18.81,16.79
37.1563,16.88,18.66,16.59
37.1771,16.73,18.52,16.41
37.1979,16.59,18.38,16.26
37.2188,16.46,18.24,16.13
37.2396,16.32,18.11,16.00
37.2604,17.62,18.24,16.01
37.2813,19.00,18.51,16.34
37.3021,19.00,18.63,16.76
37.3229,19.00,18.74,17.02
37.3438,19.00,18.86,17.18
37.3646,19.00,19.00,17.35
37.3854,19.00,19.16,17.59
37.4063,19.22,19.35,17.89
37.4271,19.22,19.55,18.21
37.4479,19.27,19.73,18.52
37.4688,19.27,19.89,18.81
37.4896,19.22,20.02,19.06
37.5104,19.23,20.11,19.25
37.5313,19.12,20.15,19.39
37.5521,19.31,20.20,19.48
37.5729,19.40,20.23,19.52
37.5938,19.49,20.26,19.53
37.6146,19.67,20.33,19.58
37.6354,19.77,20.35,19.65
37.6563,19.76,20.31,19.60
37.6771,19.72,20.24,19.43
37.6979,19.65,20.16,19.26
37.7188,19.34,20.02,19.07
37.7396,19.04,19.83,18.83
37.7604,18.89,19.68,18.56
37.7813,18.46,19.50,18.30
37.8021,18.13,19.30,18.05
37.8229,18.01,19.14,17.82
37.8438,17.82,18.99,17.65
37.8646,17.66,18.85,17.49
37.8854,17.52,18.72,17.33
37.9063,17.38,18.59,17.19
37.9271,17.24,18.47,17.05
37.9479,17.11,18.35,16.92
37.9688,16.99,18.24,16.81
37.9896,16.89,18.14,16.69
38.0104,16.80,18.05,16.57
38.0313,16.72,17.96,16.48
38.0521,16.65,17.88,16.41
38.0729,16.58,17.81,16.34
38.0938,16.50,17.73,16.25
38.1146,16.41,17.65,16.16
38.1354,16.32,17.57,16.09
38.1563,16.23,17.48,16.01
38.1771,16.14,17.40,15.92
38.1979,16.06,17.32,15.83
38.2188,15.99,17.24,15.74
38.2396,15.91,17.17,15.66
38.2604,17.44,17.36,15.73
38.2813,19.00,17.66,16.16
38.3021,19.00,17.81,16.71
38.3229,19.00,17.99,17.06
38.3438,19.00,18.17,17.27
38.3646,19.14,18.36,17.50
38.3854,19.14,18.57,17.79
38.4063,19.32,18.79,18.15
38.4271,19.32,19.02,18.51
38.4479,19.23,19.23,18.79
38.4688,19.23,19.44,19.06
38.4896,19.18,19.60,19.31
38.5104,19.30,19.72,19.50
38.5313,19.26,19.79,19.61
38.5521,19.36,19.88,19.69
38.5729,19.50,19.99,19.81
38.5938,19.69,20.11,19.96
38.6146,19.93,20.22,20.11
38.6354,20.03,20.26,20.14
38.6563,19.96,20.21,20.00
38.6771,19.81,20.09,19.70
38.6979,19.57,19.94,19.33
38.7188,19.21,19.71,18.92
38.7396,19.00,19.48,18.51
38.7604,18.67,19.27,18.19
38.7813,17.92,19.01,17.85
38.8021,17.50,18.73,17.49
38.8229,17.33,18.51,17.16
38.8438,17.04,18.29,16.86
38.8646,16.80,18.10,16.60
38.8854,16.58,17.91,16.36
38.9063,16.37,17.73,16.14
38.9271,16.16,17.56,15.95
38.9479,15.95,17.38,15.75
38.9688,15.74,17.22,15.53
38.9896,15.56,17.05,15.33
39.0104,15.41,16.91,15.15
39.0313,15.28,16.77,14.99
39.0521,15.16,16.65,14.87
39.0729,15.05,16.54,14.75
39.0938,15.00,16.44,14.64
39.1146,15.00,16.37,14.55
39.1354,15.00,16.31,14.50
39.1563,15.00,16.25,14.47
39.1771,15.00,16.20,14.43
39.1979,15.00,16.16,14.40
39.2188,15.00,16.11,14.39
39.2396,15.00,16.07,14.35
39.2604,17.00,16.34,14.52
39.2813,19.00,16.74,15.13
39.3021,19.00,16.96,15.88
39.3229,19.00,17.22,16.36
39.3438,19.00,17.58,16.77
39.3646,19.22,18.14,17.53
39.3854,19.22,19.39,19.22
39.4063,20.68,21.78,22.87
39.4271,23.18,24.61,28.01
39.4479,24.00,27.05,32.43
39.4688,24.00,28.45,34.60
39.4896,24.00,28.52,34.32
39.5104,24.00,28.22,32.71
39.5313,24.00,28.10,31.52
39.5521,24.00,27.97,31.16
39.5729,24.00,27.79,30.91
39.5938,24.00,27.47,30.30
39.6146,24.00,27.00,29.33
39.6354,24.00,26.53,28.28
39.6563,24.00,26.08,27.37
39.6771,24.00,25.55,26.46
39.6979,24.00,24.89,25.34
39.7188,23.34,24.18,24.02
39.7396,22.53,23.54,22.83
39.7604,21.97,22.99,21.97
39.7813,21.27,22.49,21.31
39.8021,20.75,22.04,20.74
39.8229,20.31,21.67,20.24
39.8438,19.94,21.34,19.83
39.8646,19.63,21.05,19.48
39.8854,19.34,20.80,19.17
39.9063,19.07,20.56,18.88
39.9271,18.82,20.33,18.62
39.9479,18.59,20.13,18.39
39.9688,18.38,19.94,18.17
39.9896,18.19,19.76,17.96
40.0104,18.01,19.59,17.77
40.0313,17.85,19.43,17.60
40.0521,17.70,19.29,17.44
40.0729,17.56,19.15,17.30
40.0938,17.42,19.02,17.16
40.1146,17.26,18.88,17.01
40.1354,17.10,18.74,16.85
40.1563,16.97,18.61,16.68
40.1771,16.85,18.48,16.55
40.1979,16.74,18.37,16.45
40.2188,16.63,18.25,16.33
40.2396,16.51,18.14,16.21
40.2604,17.72,18.26,16.22
40.2813,19.00,18.51,16.51
40.3021,19.00,18.63,16.91
40.3229,19.00,18.75,17.18
40.3438,19.00,18.89,17.38
40.3646,19.08,19.06,17.63
40.3854,19.08,19.25,17.92
40.4063,19.31,19.47,18.28
40.4271,19.31,19.69,18.63
40.4479,19.23,19.86,18.94
40.4688,19.25,20.01,19.23
40.4896,19.25,20.14,19.50
40.5104,19.49,20.27,19.71
40.5313,19.52,20.35,19.85
40.5521,19.57,20.41,19.91
40.5729,19.65,20.44,19.91
40.5938,19.71,20.45,19.88
40.6146,19.80,20.45,19.79
40.6354,19.77,20.40,19.67
40.6563,19.67,20.31,19.51
40.6771,19.55,20.20,19.29
40.6979,19.39,20.07,19.03
40.7188,19.15,19.89,18.74
40.7396,19.00,19.70,18.47
40.7604,18.74,19.54,18.24
40.7813,18.18,19.34,17.99
40.8021,17.88,19.13,17.73
40.8229,17.76,18.96,17.51
40.8438,17.54,18.80,17.32
40.8646,17.36,18.64,17.13
40.8854,17.21,18.50,16.97
40.9063,17.05,18.36,16.82
40.9271,16.89,18.22,16.66
40.9479,16.74,18.09,16.50
40.9688,16.61,17.96,16.36
40.9896,16.49,17.84,16.24
41.0104,16.38,17.74,16.12
41.0313,16.28,17.63,16.01
41.0521,16.17,17.53,15.92
41.0729,16.06,17.43,15.82
41.0938,15.94,17.33,15.69
41.1146,15.80,17.22,15.55
41.1354,15.65,17.10,15.41
41.1563,15.52,16.98,15.25
41.1771,15.39,16.87,15.10
41.1979,15.26,16.75,14.97
41.2188,15.15,16.64,14.85
41.2396,15.05,16.54,14.76
41.2604,17.00,16.79,14.87
41.2813,19.00,17.19,15.43
41.3021,19.00,17.39,16.15
41.3229,19.00,17.61,16.60
41.3438,19.00,17.84,16.86
41.3646,19.10,18.06,17.13
41.3854,19.10,18.28,17.45
41.4063,19.35,18.52,17.79
41.4271,19.35,18.76,18.16
41.4479,19.32,18.98,18.51
41.4688,19.32,19.19,18.81
41.4896,19.17,19.36,19.04
41.5104,19.17,19.50,19.21
41.5313,19.05,19.57,19.33
41.5521,19.05,19.61,19.37
41.5729,19.03,19.62,19.38
41.5938,19.12,19.64,19.36
41.6146,19.22,19.64,19.29
41.6354,19.23,19.62,19.17
41.6563,19.15,19.54,19.00
41.6771,19.05,19.45,18.78
41.6979,19.00,19.34,18.55
41.7188,19.00,19.22,18.30
41.7396,19.00,19.09,18.09
41.7604,18.52,18.96,17.91
41.7813,17.69,18.75,17.65
41.8021,17.42,18.51,17.35
41.8229,17.32,18.33,17.10
41.8438,17.05,18.16,16.87
41.8646,16.88,18.00,16.68
41.8854,16.71,17.85,16.51
41.9063,16.54,17.71,16.34
41.9271,16.38,17.57,16.17
41.9479,16.22,17.44,16.03
41.9688,16.08,17.31,15.89
41.9896,15.95,17.19,15.74
42.0104,15.83,17.08,15.62
42.0313,15.71,16.97,15.51
42.0521,15.59,16.86,15.40
42.0729,15.49,16.76,15.28
42.0938,15.39,16.67,15.17
42.1146,15.30,16.58,15.08
42.1354,15.22,16.49,15.00
42.1563,15.14,16.41,14.92
42.1771,15.07,16.34,14.84
42.1979,15.02,16.27,14.79
42.2188,15.00,16.22,14.74
42.2396,15.00,16.17,14.70
42.2604,15.00,16.13,14.69
42.2813,15.00,16.10,14.67
42.3021,15.00,16.08,14.67
42.3229,15.00,16.07,14.68
42.3438,15.06,16.10,14.74
42.3646,15.21,16.21,14.89
42.3854,17.15,16.62,15.31
42.4063,19.00,17.17,16.15
42.4271,19.00,17.56,17.10
42.4479,19.31,17.97,17.79
42.4688,19.31,18.33,18.27
42.4896,19.35,18.60,18.58
42.5104,19.35,18.81,18.80
42.5313,19.06,18.94,18.92
42.5521,19.06,19.04,18.96
42.5729,19.04,19.10,18.98
42.5938,19.04,19.13,18.95
42.6146,19.06,19.14,18.90
42.6354,19.06,19.11,18.79
42.6563,19.00,19.04,18.62
42.6771,19.00,18.95,18.43
42.6979,19.00,18.86,18.24
42.7188,18.33,18.70,17.97
42.7396,17.38,18.41,17.59
42.7604,17.15,18.13,17.21
42.7813,16.98,17.93,16.91
42.8021,16.62,17.71,16.61
42.8229,16.34,17.49,16.30
42.8438,16.05,17.28,15.98
42.8646,15.81,17.08,15.69
42.8854,15.62,16.91,15.48
42.9063,15.44,16.74,15.30
42.9271,15.26,16.59,15.11
42.9479,15.10,16.44,14.95
42.9688,14.94,16.30,14.79
42.9896,14.79,16.16,14.62
43.0104,14.85,16.07,14.49
43.0313,15.00,16.01,14.40
43.0521,14.68,15.91,14.31
43.0729,14.28,15.76,14.17
43.0938,14.19,15.63,14.03
43.1146,14.07,15.51,13.89
43.1354,13.87,15.37,13.71
43.1563,13.71,15.23,13.53
43.1771,13.55,15.09,13.36
43.1979,13.41,14.96,13.21
43.2188,13.28,14.83,13.06
43.2396,13.16,14.71,12.94
43.2604,13.04,14.60,12.82
43.2813,12.92,14.48,12.70
43.3021,12.80,14.38,12.59
43.3229,12.72,14.30,12.52
43.3438,12.74,14.38,12.63
43.3646,13.03,14.76,13.23
43.3854,13.67,15.40,14.34
43.4063,14.59,16.23,15.76
43.4271,15.66,17.14,17.24
43.4479,16.74,18.05,18.60
43.4688,17.88,19.16,20.04
43.4896,19.26,20.54,21.86
43.5104,20.77,21.86,23.80
43.5313,22.15,22.96,25.35
43.5521,23.54,24.43,27.00
43.5729,25.44,26.57,29.66
43.5938,27.68,28.47,32.55
43.6146,29.39,29.55,34.15
43.6354,30.00,29.80,34.17
43.6563,29.81,29.23,32.98
43.6771,29.10,28.22,31.03
43.6979,27.63,26.97,28.81
43.7188,25.84,25.76,26.63
43.7396,24.29,24.76,24.82
43.7604,23.03,23.86,23.45
43.7813,21.99,23.06,22.30
43.8021,21.13,22.38,21.35
43.8229,20.43,21.80,20.56
43.8438,19.84,21.30,19.91
43.8646,19.32,20.86,19.37
43.8854,18.87,20.47,18.85
43.9063,18.47,20.12,18.39
43.9271,18.11,19.80,18.00
43.9479,17.78,19.51,17.67
43.9688,17.49,19.24,17.36
43.9896,17.22,18.99,17.08
