 2012-12-19 01:04:52.021     353.04504                83   19.973145       46.762848       42.408344    
 2012-12-19 01:04:52.021     353.04504               100   21.786285       42.036743       1.0204120    
 2012-12-19 01:04:52.021     353.04504               103   18.266693       46.187195       47.108295    
 2012-12-19 01:04:52.021     353.04504               106   20.352386       46.187195       285.00000    
 2012-12-19 01:04:52.021     353.04504               114   17.840057       40.125916      0.97998500    
 2012-12-19 01:04:52.021     353.04504               115   20.103516       46.846375       26.533844    
 2012-12-19 01:04:52.021     353.04504               116   20.447174       44.835236       28.536528    
 2012-12-19 01:04:52.021     353.04504               118   19.724304       47.793854       11.353277    
 2012-12-19 01:04:52.021     353.04504               119   20.660492       45.492737       34.368404    
 2012-12-19 01:05:07.131     353.04523                83   20.008698       47.025818       56.278748    
 2012-12-19 01:05:07.131     353.04523               100   21.857391       42.008453       42.066864    
 2012-12-19 01:05:07.131     353.04523               103   18.266693       46.187195       57.660442    
 2012-12-19 01:05:07.131     353.04523               106   20.399780       46.608276       285.00000    
 2012-12-19 01:05:07.131     353.04523               114   17.875610       40.184662       27.852722    
 2012-12-19 01:05:07.131     353.04523               115   20.139069       47.000214       26.533844    
 2012-12-19 01:05:07.131     353.04523               116   20.482727       45.055389       27.185286    
 2012-12-19 01:05:07.131     353.04523               118   19.747986       47.944733       10.903481    
 2012-12-19 01:05:07.131     353.04523               119   20.672333       45.762512       23.886599    
 2012-12-19 01:09:59.521     353.04861                83   20.056122       47.204620       60.526478    
 2012-12-19 01:09:59.521     353.04861               100   21.869232       41.866699       1.0204120    
 2012-12-19 01:09:59.521     353.04861               103   18.290375       46.317108       51.907734    
 2012-12-19 01:09:59.521     353.04861               106   20.459045       46.685608       285.00000    
 2012-12-19 01:09:59.521     353.04861               114   17.911163       40.521332       1.3005061    
 2012-12-19 01:09:59.521     353.04861               115   20.150909       47.147186       34.091663    
 2012-12-19 01:09:59.521     353.04861               116   20.494568       45.221497       29.954948    
 2012-12-19 01:09:59.521     353.04861               118   19.783539       48.020050       14.353140    
 2012-12-19 01:09:59.521     353.04861               119   20.707886       45.945892       45.609203    
 2012-12-19 01:14:53.537     353.05200                83   20.150909       47.281006       60.526478    
 2012-12-19 01:14:53.537     353.05200               100   21.869232       41.866699       1.0204120    
 2012-12-19 01:14:53.537     353.05200               103   18.314087       46.472595       45.609203    
 2012-12-19 01:14:53.537     353.05200               106   20.459045       46.685608       285.00000    
 2012-12-19 01:14:53.537     353.05200               114   17.911163       40.309357      0.98794025    
 2012-12-19 01:14:53.537     353.05200               115   20.186462       47.300110       36.664806    
 2012-12-19 01:14:53.537     353.05200               116   20.506439       45.221497       36.664806    
 2012-12-19 01:14:53.537     353.05200               118   19.771698       48.045105       16.073267    
 2012-12-19 01:14:53.537     353.05200               119   20.707886       45.945892       29.474474    
 2012-12-19 01:15:07.943     353.05219                83   20.150909       47.306458       62.515873    
 2012-12-19 01:15:07.943     353.05219               100   21.952209       41.802795       1.0204120    
 2012-12-19 01:15:07.943     353.05219               103   18.314087       46.472595       60.039104    
 2012-12-19 01:15:07.943     353.05219               106   20.482727       46.608276       285.00000    
 2012-12-19 01:15:07.943     353.05219               114   17.958557       40.323975       1.1802599    
 2012-12-19 01:15:07.943     353.05219               115   20.186462       47.300110       53.182140    
 2012-12-19 01:15:07.943     353.05219               116   20.530121       45.492737       59.555637    
 2012-12-19 01:15:07.943     353.05219               118   19.795410       48.226532       14.705528    
 2012-12-19 01:15:07.943     353.05219               119   20.719757       46.109039       39.432137    
 2012-12-19 01:20:01.146     353.05557                83   20.293121       47.591858       49.851242    
 2012-12-19 01:20:01.146     353.05557               100   21.964050       41.745880       1.0204120    
 2012-12-19 01:20:01.146     353.05557               103   18.349640       46.659821       62.012482    
 2012-12-19 01:20:01.146     353.05557               106   20.530121       46.634033       285.00000    
 2012-12-19 01:20:01.146     353.05557               114   17.911163       40.000763       1.0711318    
 2012-12-19 01:20:01.146     353.05557               115   20.233856       47.465240       42.752613    
 2012-12-19 01:20:01.146     353.05557               116   20.577545       45.841156       40.074924    
 2012-12-19 01:20:01.146     353.05557               118   19.830963       48.425903       22.940245    
 2012-12-19 01:20:01.146     353.05557               119   20.743439       46.213196       45.979439    
 2012-12-19 01:24:53.662     353.05896                83   20.293121       48.070190       66.692978    
 2012-12-19 01:24:53.662     353.05896               100   21.964050       41.745880       1.0204120    
 2012-12-19 01:24:53.662     353.05896               103   18.397034       46.942596       62.012482    
 2012-12-19 01:24:53.662     353.05896               106   20.530121       46.634033       285.00000    
 2012-12-19 01:24:53.662     353.05896               114   17.911163       40.184662       1.0625067    
 2012-12-19 01:24:53.662     353.05896               115   20.281281       47.711884       100.72855    
 2012-12-19 01:24:53.662     353.05896               116   20.577545       45.814972       36.664806    
 2012-12-19 01:24:53.662     353.05896               118   19.830963       48.425903       19.358086    
 2012-12-19 01:24:53.662     353.05896               119   20.743439       46.213196       47.876205    
 2012-12-19 01:25:05.865     353.05908                83   20.269409       48.070190       70.007980    
 2012-12-19 01:25:05.865     353.05908               100   21.869232       42.008453       1.0121953    
 2012-12-19 01:25:05.865     353.05908               103   18.397034       46.942596       57.196144    
 2012-12-19 01:25:05.865     353.05908               106   20.541992       46.556610       285.00000    
 2012-12-19 01:25:05.865     353.05908               114   17.887451       40.696014       1.2289487    
 2012-12-19 01:25:05.865     353.05908               115   20.269409       47.711884       65.623253    
 2012-12-19 01:25:05.865     353.05908               116   20.613098       46.161163       42.066864    
 2012-12-19 01:25:05.865     353.05908               118   19.866516       48.698792       17.710827    
 2012-12-19 01:25:05.865     353.05908               119   20.767151       46.530792       47.490700    
 2012-12-19 01:29:59.318     353.06250                83   20.316833       48.070190       70.007980    
 2012-12-19 01:29:59.318     353.06250               100   21.809998       42.241455       1.0121953    
 2012-12-19 01:29:59.318     353.06250               103   18.408875       47.128021       52.753883    
 2012-12-19 01:29:59.318     353.06250               106   20.553833       46.504944       285.00000    
 2012-12-19 01:29:59.318     353.06250               114   17.863770       40.754150       23.503458    
 2012-12-19 01:29:59.318     353.06250               115   20.316833       47.812714       54.487804    
 2012-12-19 01:29:59.318     353.06250               116   20.660492       46.343079       47.490700    
 2012-12-19 01:29:59.318     353.06250               118   19.902069       48.871674       20.651527    
 2012-12-19 01:29:59.318     353.06250               119   20.802704       46.711395       50.255917    
 2012-12-19 01:30:11.662     353.06262                83   20.316833       48.070190       72.309013    
 2012-12-19 01:30:11.662     353.06262               100   21.809998       42.269623       1.0040449    
 2012-12-19 01:30:11.662     353.06262               103   18.408875       47.128021       64.570656    
 2012-12-19 01:30:11.662     353.06262               106   20.553833       46.504944       285.00000    
 2012-12-19 01:30:11.662     353.06262               114   17.828217       40.935272       37.869907    
 2012-12-19 01:30:11.662     353.06262               115   20.304962       47.787506       72.309013    
 2012-12-19 01:30:11.662     353.06262               116   20.636780       46.369019       57.660442    
 2012-12-19 01:30:11.662     353.06262               118   19.902069       48.896332       20.156654    
 2012-12-19 01:30:11.662     353.06262               119   20.802704       46.711395       45.241928    
 2012-12-19 01:35:07.178     353.06604                83   20.316833       48.170288       72.309013    
 2012-12-19 01:35:07.178     353.06604               100   21.809998       42.269623       1.0040449    
 2012-12-19 01:35:07.178     353.06604               103   18.444427       47.281006       59.076077    
 2012-12-19 01:35:07.178     353.06604               106   20.589386       47.076935       285.00000    
 2012-12-19 01:35:07.178     353.06604               114   17.768951       41.965973       44.516270    
 2012-12-19 01:35:07.178     353.06604               115   20.352386       47.881927       56.735596    
 2012-12-19 01:35:07.178     353.06604               116   20.672333       46.498474       59.555637    
 2012-12-19 01:35:07.178     353.06604               118   19.925751       48.896332       23.694248    
 2012-12-19 01:35:07.178     353.06604               119   20.826385       46.685608       61.017803    
 2012-12-19 01:40:01.693     353.06946                83   20.376068       48.326324       75.903130    
 2012-12-19 01:40:01.693     353.06946               100   21.809998       42.269623       1.0040449    
 2012-12-19 01:40:01.693     353.06946               103   18.456299       47.306458       72.895988    
 2012-12-19 01:40:01.693     353.06946               106   20.660492       47.642426       285.00000    
 2012-12-19 01:40:01.693     353.06946               114   17.875610       42.739075       36.664806    
 2012-12-19 01:40:01.693     353.06946               115   20.352386       48.057648       56.735596    
 2012-12-19 01:40:01.693     353.06946               116   20.684204       46.446716       54.487804    
 2012-12-19 01:40:01.693     353.06946               118   19.949463       48.797638       22.940245    
 2012-12-19 01:40:01.693     353.06946               119   20.838257       46.788574       49.449810    
 2012-12-19 01:44:55.974     353.07288                83   20.376068       48.450775       74.685677    
 2012-12-19 01:44:55.974     353.07288               100   21.809998       42.269623       1.0040449    
 2012-12-19 01:44:55.974     353.07288               103   18.468140       47.433502       70.007980    
 2012-12-19 01:44:55.974     353.07288               106   20.684204       47.768646       285.00000    
 2012-12-19 01:44:55.974     353.07288               114   18.005981       42.606415       30.443245    
 2012-12-19 01:44:55.974     353.07288               115   20.387939       48.214050       65.623253    
 2012-12-19 01:44:55.974     353.07288               116   20.684204       46.472595       72.895988    
 2012-12-19 01:44:55.974     353.07288               118   19.961304       49.191101       26.749235    
 2012-12-19 01:44:55.974     353.07288               119   20.838257       46.788574       64.570656    
 2012-12-19 01:45:10.006     353.07303                83   20.352386       48.425903       87.793396    
 2012-12-19 01:45:10.006     353.07303               100   21.809998       42.269623       1.0040449    
 2012-12-19 01:45:10.006     353.07303               103   18.456299       47.433502       58.128529    
 2012-12-19 01:45:10.006     353.07303               106   20.707886       47.793854       285.00000    
 2012-12-19 01:45:10.006     353.07303               114   18.005981       42.578461       40.400249    
 2012-12-19 01:45:10.006     353.07303               115   20.364227       48.239014       84.999611    
 2012-12-19 01:45:10.006     353.07303               116   20.707886       46.762848       71.149178    
 2012-12-19 01:45:10.006     353.07303               118   19.961304       49.191101       26.320190    
 2012-12-19 01:45:10.006     353.07303               119   20.873810       47.128021       57.660442    
 2012-12-19 01:50:04.115     353.07645                83   20.340515       48.475677       72.309013    
 2012-12-19 01:50:04.115     353.07645               100   21.727051       42.968750       1.0204120    
 2012-12-19 01:50:04.115     353.07645               103   18.491852       47.541260       64.570656    
 2012-12-19 01:50:04.115     353.07645               106   20.719757       47.743439       285.00000    
 2012-12-19 01:50:04.115     353.07645               114   18.029663       40.891846       31.699121    
 2012-12-19 01:50:04.115     353.07645               115   20.399780       48.214050       72.309013    
 2012-12-19 01:50:04.115     353.07645               116   20.719757       46.814270       95.186241    
 2012-12-19 01:50:04.115     353.07645               118   20.032410       49.191101       28.078817    
 2012-12-19 01:50:04.115     353.07645               119   20.873810       47.230042       66.692978    
 2012-12-19 01:55:01.365     353.07986                83   20.316833       48.550110       68.330376    
 2012-12-19 01:55:01.365     353.07986               100   21.738892       42.968750       1.0121953    
 2012-12-19 01:55:01.365     353.07986               103   18.503693       47.642426       66.692978    
 2012-12-19 01:55:01.365     353.07986               106   20.731598       47.718170       285.00000    
 2012-12-19 01:55:01.365     353.07986               114   18.077057       41.624786       20.320276    
 2012-12-19 01:55:01.365     353.07986               115   20.364227       48.263977       94.419739    
 2012-12-19 01:55:01.365     353.07986               116   20.719757       46.916962       63.534943    
 2012-12-19 01:55:01.365     353.07986               118   20.008698       49.191101       26.966385    
 2012-12-19 01:55:01.365     353.07986               119   20.873810       47.281006       73.487724    
 2012-12-19 01:59:52.146     353.08325                83   20.340515       48.550110       75.291946    
 2012-12-19 01:59:52.146     353.08325               100   21.750732       42.934021       1.0121953    
 2012-12-19 01:59:52.146     353.08325               103   18.503693       47.692963       63.534943    
 2012-12-19 01:59:52.146     353.08325               106   20.731598       47.743439       285.00000    
 2012-12-19 01:59:52.146     353.08325               114   18.077057       41.567688       44.516270    
 2012-12-19 01:59:52.146     353.08325               115   20.364227       48.263977       54.487804    
 2012-12-19 01:59:52.146     353.08325               116   20.719757       46.916962       58.128529    
 2012-12-19 01:59:52.146     353.08325               118   20.056122       49.191101       29.001719    
 2012-12-19 01:59:52.146     353.08325               119   20.885651       47.331909       102.37057    
