*Activity_pattern   42 named Eating/drinking area
*Days_scanned,365
*Hours_scanned,8760
*Non_zero_occupancy_hours,772.
*Summation_of_occupancy_frac,386.
*Days_with_occupancy,193.
*Non_zero_light_hours,768.
*Summation_of_light_frac,768.
*Days_with_lights,192.
*Non_zero_equipment_hours,8760.
*Summation_of_equipment_frac,1171.
*Days_with_equipment,365.
*SBEM,772.,386.,193.,768.,768.,192.,8760.,1171.,365.
*Nb_of_patterns,3
*Pattern  1 used on  172. days
*Ocupfrac,0.00,0.00,0.00,0.00,0.00,0.00,0.00,0.00,0.00,0.00,0.00,0.00,0.00,0.00,0.00,0.00,0.00,0.00,0.00,0.00,0.00,0.00,0.00,0.00
*Lightfrac,0.00,0.00,0.00,0.00,0.00,0.00,0.00,0.00,0.00,0.00,0.00,0.00,0.00,0.00,0.00,0.00,0.00,0.00,0.00,0.00,0.00,0.00,0.00,0.00
*Equipfrac,0.05,0.05,0.05,0.05,0.05,0.05,0.05,0.05,0.05,0.05,0.05,0.05,0.05,0.05,0.05,0.05,0.05,0.05,0.05,0.05,0.05,0.05,0.05,0.05
*HeatSP,12.,12.,12.,12.,12.,12.,12.,12.,12.,12.,12.,12.,12.,12.,12.,12.,12.,12.,12.,12.,12.,12.,12.,12.
*CoolSP,100.,100.,100.,100.,100.,100.,100.,100.,100.,100.,100.,100.,100.,100.,100.,100.,100.,100.,100.,100.,100.,100.,100.,100.
*Pattern  2 used on  192. days
*Ocupfrac,0.00,0.00,0.00,0.00,0.00,0.00,0.00,0.00,0.00,0.00,0.00,0.25,0.75,0.75,0.25,0.00,0.00,0.00,0.00,0.00,0.00,0.00,0.00,0.00
*Lightfrac,0.00,0.00,0.00,0.00,0.00,0.00,0.00,0.00,0.00,0.00,0.00,1.00,1.00,1.00,1.00,0.00,0.00,0.00,0.00,0.00,0.00,0.00,0.00,0.00
*Equipfrac,0.05,0.05,0.05,0.05,0.05,0.05,0.05,0.05,0.05,0.05,0.05,1.00,1.00,1.00,1.00,0.05,0.05,0.05,0.05,0.05,0.05,0.05,0.05,0.05
*HeatSP,12.,12.,12.,12.,12.,12.,12.,12.,12.,12.,23.,23.,23.,23.,23.,12.,12.,12.,12.,12.,12.,12.,12.,12.
*CoolSP,100.,100.,100.,100.,100.,100.,100.,100.,100.,100.,25.,25.,25.,25.,25.,100.,100.,100.,100.,100.,100.,100.,100.,100.
*Pattern  3 used on    1. days
*Ocupfrac,0.00,0.00,0.00,0.00,0.00,0.00,0.00,0.00,0.00,0.00,0.00,0.25,0.75,0.75,0.25,0.00,0.00,0.00,0.00,0.00,0.00,0.00,0.00,0.00
*Lightfrac,0.00,0.00,0.00,0.00,0.00,0.00,0.00,0.00,0.00,0.00,0.00,0.00,0.00,0.00,0.00,0.00,0.00,0.00,0.00,0.00,0.00,0.00,0.00,0.00
*Equipfrac,0.05,0.05,0.05,0.05,0.05,0.05,0.05,0.05,0.05,0.05,0.05,1.00,1.00,1.00,1.00,0.05,0.05,0.05,0.05,0.05,0.05,0.05,0.05,0.05
*HeatSP,12.,12.,12.,12.,12.,12.,12.,12.,12.,12.,23.,23.,23.,23.,23.,12.,12.,12.,12.,12.,12.,12.,12.,12.
*CoolSP,100.,100.,100.,100.,100.,100.,100.,100.,100.,100.,25.,25.,25.,25.,25.,100.,100.,100.,100.,100.,100.,100.,100.,100.
*Index_each_julian_day_of_the_year:
1,1,1,1,1,1,1,1,1,2,2,1,1,2,2,2,2,2,1,1,2,2,2,2,2,1,1,2,2,2,2,2,1,1,2,2,2,2,2,1,1,2,2,2,1,1,1,
1,1,1,1,2,2,1,1,2,2,2,2,2,1,1,2,2,2,2,2,1,1,2,2,2,2,2,1,1,2,2,2,2,1,1,1,1,1,1,1,1,1,1,1,1,1,1,
2,1,1,2,2,2,2,2,1,1,2,2,2,2,2,1,1,2,2,2,2,2,1,1,2,2,2,2,2,1,1,2,2,2,2,2,1,1,2,2,2,2,2,1,1,2,2,
2,2,2,1,1,2,2,2,2,1,1,1,1,1,1,1,2,1,1,2,2,2,2,2,1,1,2,2,2,2,2,1,1,2,2,2,2,2,1,1,2,2,2,2,2,1,1,
2,2,2,2,2,1,1,2,2,2,2,2,1,1,2,2,2,2,1,1,1,1,1,1,1,1,1,1,1,1,1,1,1,1,1,1,1,1,1,1,1,1,1,1,1,1,1,
1,1,1,1,1,1,1,1,1,1,1,1,1,3,1,1,2,2,2,2,2,1,1,2,2,2,2,2,1,1,2,2,2,2,2,1,1,2,2,2,2,2,1,1,2,2,2,
2,2,1,1,2,2,2,2,2,1,1,2,2,2,2,1,1,1,1,1,1,1,2,1,1,2,2,2,2,2,1,1,2,2,2,2,2,1,1,2,2,2,2,2,1,1,2,
2,2,2,2,1,1,2,2,2,2,2,1,1,2,2,2,2,2,1,1,2,2,2,2,2,1,1,2,1,1,1,1,1,1,1,1,0
*Schedule 42 activity Eating/drinking area
*Day_types,3
*Day_pattern,1,periods,1
*Period,0.000,24.000,0.0000,0.0000,0.0500,12.00,100.00
*Day_pattern,2,periods,6
*Period,0.000,11.000,0.0000,0.0000,0.0500,12.00,100.00
*Period,11.000,12.000,0.0000,0.0000,0.0500,23.00,25.00
*Period,12.000,13.000,0.2500,1.0000,1.0000,23.00,25.00
*Period,13.000,15.000,0.7500,1.0000,1.0000,23.00,25.00
*Period,15.000,16.000,0.2500,1.0000,1.0000,23.00,25.00
*Period,16.000,24.000,0.0000,0.0000,0.0500,12.00,100.00
*Day_pattern,3,periods,6
*Period,0.000,11.000,0.0000,0.0000,0.0500,12.00,100.00
*Period,11.000,12.000,0.0000,0.0000,0.0500,23.00,25.00
*Period,12.000,13.000,0.2500,0.0000,1.0000,23.00,25.00
*Period,13.000,15.000,0.7500,0.0000,1.0000,23.00,25.00
*Period,15.000,16.000,0.2500,0.0000,1.0000,23.00,25.00
*Period,16.000,24.000,0.0000,0.0000,0.0500,12.00,100.00
*End
