*Lines_scanned,26352
*Nb_of_patterns,3
*Day_pattern,1,referenced_by,1,activities
*Refbyactivity,250,"Food preparation area","Hospital"
*Period,0.000,6.000,0.0000,0.0000,0.0500,10.00,100.00
*Period,6.000,7.000,0.0000,0.0000,0.0500,18.00,20.00
*Period,7.000,8.000,0.2500,1.0000,1.0000,18.00,20.00
*Period,8.000,9.000,0.5000,1.0000,1.0000,18.00,20.00
*Period,9.000,19.000,1.0000,1.0000,1.0000,18.00,20.00
*Period,19.000,20.000,0.5000,1.0000,1.0000,18.00,20.00
*Period,20.000,21.000,0.2500,1.0000,1.0000,18.00,20.00
*Period,21.000,24.000,0.0000,0.0000,0.0500,10.00,100.00
*Day_pattern,2,referenced_by,1,activities
*Refbyactivity,251,"Food preparation area","Hotel"
*Period,0.000,6.000,0.0000,0.0000,0.0500,12.00,100.00
*Period,6.000,7.000,0.0000,0.0000,0.0500,17.00,21.00
*Period,7.000,8.000,0.2500,1.0000,1.0000,17.00,21.00
*Period,8.000,9.000,0.7500,1.0000,1.0000,17.00,21.00
*Period,9.000,12.000,1.0000,1.0000,1.0000,17.00,21.00
*Period,12.000,13.000,0.7500,1.0000,1.0000,17.00,21.00
*Period,13.000,15.000,1.0000,1.0000,1.0000,17.00,21.00
*Period,15.000,16.000,0.7500,1.0000,1.0000,17.00,21.00
*Period,16.000,18.000,0.2500,1.0000,1.0000,17.00,21.00
*Period,18.000,19.000,0.7500,1.0000,1.0000,17.00,21.00
*Period,19.000,23.000,1.0000,1.0000,1.0000,17.00,21.00
*Period,23.000,24.000,0.7500,1.0000,1.0000,17.00,21.00
*Period,24.000,24.000,0.2500,1.0000,1.0000,17.00,21.00
*Day_pattern,3,referenced_by,1,activities
*Refbyactivity,252,"Food preparation area","Restaurant/public house"
*Period,0.000,6.000,0.0000,0.0000,0.0500,12.00,100.00
*Period,6.000,7.000,0.0000,0.0000,0.0500,17.00,21.00
*Period,7.000,8.000,0.2500,1.0000,1.0000,17.00,21.00
*Period,8.000,9.000,0.7500,1.0000,1.0000,17.00,21.00
*Period,9.000,15.000,1.0000,1.0000,1.0000,17.00,21.00
*Period,15.000,16.000,0.7500,1.0000,1.0000,17.00,21.00
*Period,16.000,18.000,0.2500,1.0000,1.0000,17.00,21.00
*Period,18.000,19.000,0.7500,1.0000,1.0000,17.00,21.00
*Period,19.000,23.000,1.0000,1.0000,1.0000,17.00,21.00
*Period,23.000,24.000,0.7500,1.0000,1.0000,17.00,21.00
*Period,24.000,24.000,0.2500,1.0000,1.0000,17.00,21.00
*Activity_pattern,250,"Food preparation area" in "Hospital"
*occupant,0.140140,29
*equipment110.000,32
*lighting,300,6.200,0.000
*dhw_litres,120.450
*fresh_air,85.000
*setponts,18.000,20.000
*Day_pattern,1,1,periods,8
*Period,0.000,6.000,0.0000,0.0000,0.0500,10.00,100.00
*Period,6.000,7.000,0.0000,0.0000,0.0500,18.00,20.00
*Period,7.000,8.000,0.2500,1.0000,1.0000,18.00,20.00
*Period,8.000,9.000,0.5000,1.0000,1.0000,18.00,20.00
*Period,9.000,19.000,1.0000,1.0000,1.0000,18.00,20.00
*Period,19.000,20.000,0.5000,1.0000,1.0000,18.00,20.00
*Period,20.000,21.000,0.2500,1.0000,1.0000,18.00,20.00
*Period,21.000,24.000,0.0000,0.0000,0.0500,10.00,100.00
*Index_each_julian_day_of_the_year:
1,1,1,1,1,1,1,1,1,1,1,1,1,1,1,1,1,1,1,1,1,1,1,1,1,1,1,1,1,1,1,1,1,1,1,1,1,1,1,1,1,1,1,1,1,1,1,
1,1,1,1,1,1,1,1,1,1,1,1,1,1,1,1,1,1,1,1,1,1,1,1,1,1,1,1,1,1,1,1,1,1,1,1,1,1,1,1,1,1,1,1,1,1,1,
1,1,1,1,1,1,1,1,1,1,1,1,1,1,1,1,1,1,1,1,1,1,1,1,1,1,1,1,1,1,1,1,1,1,1,1,1,1,1,1,1,1,1,1,1,1,1,
1,1,1,1,1,1,1,1,1,1,1,1,1,1,1,1,1,1,1,1,1,1,1,1,1,1,1,1,1,1,1,1,1,1,1,1,1,1,1,1,1,1,1,1,1,1,1,
1,1,1,1,1,1,1,1,1,1,1,1,1,1,1,1,1,1,1,1,1,1,1,1,1,1,1,1,1,1,1,1,1,1,1,1,1,1,1,1,1,1,1,1,1,1,1,
1,1,1,1,1,1,1,1,1,1,1,1,1,1,1,1,1,1,1,1,1,1,1,1,1,1,1,1,1,1,1,1,1,1,1,1,1,1,1,1,1,1,1,1,1,1,1,
1,1,1,1,1,1,1,1,1,1,1,1,1,1,1,1,1,1,1,1,1,1,1,1,1,1,1,1,1,1,1,1,1,1,1,1,1,1,1,1,1,1,1,1,1,1,1,
1,1,1,1,1,1,1,1,1,1,1,1,1,1,1,1,1,1,1,1,1,1,1,1,1,1,1,1,1,1,1,1,1,1,1,1
*Local_Index_each_julian_day_of_the_year:
1,1,1,1,1,1,1,1,1,1,1,1,1,1,1,1,1,1,1,1,1,1,1,1,1,1,1,1,1,1,1,1,1,1,1,1,1,1,1,1,1,1,1,1,1,1,1,
1,1,1,1,1,1,1,1,1,1,1,1,1,1,1,1,1,1,1,1,1,1,1,1,1,1,1,1,1,1,1,1,1,1,1,1,1,1,1,1,1,1,1,1,1,1,1,
1,1,1,1,1,1,1,1,1,1,1,1,1,1,1,1,1,1,1,1,1,1,1,1,1,1,1,1,1,1,1,1,1,1,1,1,1,1,1,1,1,1,1,1,1,1,1,
1,1,1,1,1,1,1,1,1,1,1,1,1,1,1,1,1,1,1,1,1,1,1,1,1,1,1,1,1,1,1,1,1,1,1,1,1,1,1,1,1,1,1,1,1,1,1,
1,1,1,1,1,1,1,1,1,1,1,1,1,1,1,1,1,1,1,1,1,1,1,1,1,1,1,1,1,1,1,1,1,1,1,1,1,1,1,1,1,1,1,1,1,1,1,
1,1,1,1,1,1,1,1,1,1,1,1,1,1,1,1,1,1,1,1,1,1,1,1,1,1,1,1,1,1,1,1,1,1,1,1,1,1,1,1,1,1,1,1,1,1,1,
1,1,1,1,1,1,1,1,1,1,1,1,1,1,1,1,1,1,1,1,1,1,1,1,1,1,1,1,1,1,1,1,1,1,1,1,1,1,1,1,1,1,1,1,1,1,1,
1,1,1,1,1,1,1,1,1,1,1,1,1,1,1,1,1,1,1,1,1,1,1,1,1,1,1,1,1,1,1,1,1,1,1,1
*Activity_pattern,251,"Food preparation area" in "Hotel"
*occupant,0.110180,65
*equipment,40.000,32
*lighting,500,6.200,0.000
*dhw_litres,120.450
*fresh_air,17.500
*setponts,17.000,21.000
*Day_pattern,2,1,periods,13
*Period,0.000,6.000,0.0000,0.0000,0.0500,12.00,100.00
*Period,6.000,7.000,0.0000,0.0000,0.0500,17.00,21.00
*Period,7.000,8.000,0.2500,1.0000,1.0000,17.00,21.00
*Period,8.000,9.000,0.7500,1.0000,1.0000,17.00,21.00
*Period,9.000,12.000,1.0000,1.0000,1.0000,17.00,21.00
*Period,12.000,13.000,0.7500,1.0000,1.0000,17.00,21.00
*Period,13.000,15.000,1.0000,1.0000,1.0000,17.00,21.00
*Period,15.000,16.000,0.7500,1.0000,1.0000,17.00,21.00
*Period,16.000,18.000,0.2500,1.0000,1.0000,17.00,21.00
*Period,18.000,19.000,0.7500,1.0000,1.0000,17.00,21.00
*Period,19.000,23.000,1.0000,1.0000,1.0000,17.00,21.00
*Period,23.000,24.000,0.7500,1.0000,1.0000,17.00,21.00
*Period,24.000,24.000,0.2500,1.0000,1.0000,17.00,21.00
*Index_each_julian_day_of_the_year:
2,2,2,2,2,2,2,2,2,2,2,2,2,2,2,2,2,2,2,2,2,2,2,2,2,2,2,2,2,2,2,2,2,2,2,2,2,2,2,2,2,2,2,2,2,2,2,
2,2,2,2,2,2,2,2,2,2,2,2,2,2,2,2,2,2,2,2,2,2,2,2,2,2,2,2,2,2,2,2,2,2,2,2,2,2,2,2,2,2,2,2,2,2,2,
2,2,2,2,2,2,2,2,2,2,2,2,2,2,2,2,2,2,2,2,2,2,2,2,2,2,2,2,2,2,2,2,2,2,2,2,2,2,2,2,2,2,2,2,2,2,2,
2,2,2,2,2,2,2,2,2,2,2,2,2,2,2,2,2,2,2,2,2,2,2,2,2,2,2,2,2,2,2,2,2,2,2,2,2,2,2,2,2,2,2,2,2,2,2,
2,2,2,2,2,2,2,2,2,2,2,2,2,2,2,2,2,2,2,2,2,2,2,2,2,2,2,2,2,2,2,2,2,2,2,2,2,2,2,2,2,2,2,2,2,2,2,
2,2,2,2,2,2,2,2,2,2,2,2,2,2,2,2,2,2,2,2,2,2,2,2,2,2,2,2,2,2,2,2,2,2,2,2,2,2,2,2,2,2,2,2,2,2,2,
2,2,2,2,2,2,2,2,2,2,2,2,2,2,2,2,2,2,2,2,2,2,2,2,2,2,2,2,2,2,2,2,2,2,2,2,2,2,2,2,2,2,2,2,2,2,2,
2,2,2,2,2,2,2,2,2,2,2,2,2,2,2,2,2,2,2,2,2,2,2,2,2,2,2,2,2,2,2,2,2,2,2,2
*Local_Index_each_julian_day_of_the_year:
1,1,1,1,1,1,1,1,1,1,1,1,1,1,1,1,1,1,1,1,1,1,1,1,1,1,1,1,1,1,1,1,1,1,1,1,1,1,1,1,1,1,1,1,1,1,1,
1,1,1,1,1,1,1,1,1,1,1,1,1,1,1,1,1,1,1,1,1,1,1,1,1,1,1,1,1,1,1,1,1,1,1,1,1,1,1,1,1,1,1,1,1,1,1,
1,1,1,1,1,1,1,1,1,1,1,1,1,1,1,1,1,1,1,1,1,1,1,1,1,1,1,1,1,1,1,1,1,1,1,1,1,1,1,1,1,1,1,1,1,1,1,
1,1,1,1,1,1,1,1,1,1,1,1,1,1,1,1,1,1,1,1,1,1,1,1,1,1,1,1,1,1,1,1,1,1,1,1,1,1,1,1,1,1,1,1,1,1,1,
1,1,1,1,1,1,1,1,1,1,1,1,1,1,1,1,1,1,1,1,1,1,1,1,1,1,1,1,1,1,1,1,1,1,1,1,1,1,1,1,1,1,1,1,1,1,1,
1,1,1,1,1,1,1,1,1,1,1,1,1,1,1,1,1,1,1,1,1,1,1,1,1,1,1,1,1,1,1,1,1,1,1,1,1,1,1,1,1,1,1,1,1,1,1,
1,1,1,1,1,1,1,1,1,1,1,1,1,1,1,1,1,1,1,1,1,1,1,1,1,1,1,1,1,1,1,1,1,1,1,1,1,1,1,1,1,1,1,1,1,1,1,
1,1,1,1,1,1,1,1,1,1,1,1,1,1,1,1,1,1,1,1,1,1,1,1,1,1,1,1,1,1,1,1,1,1,1,1
*Activity_pattern,252,"Food preparation area" in "Restaurant/public house"
*occupant,0.110180,65
*equipment,40.000,32
*lighting,500,6.200,0.000
*dhw_litres,120.450
*fresh_air,17.500
*setponts,17.000,21.000
*Day_pattern,3,1,periods,11
*Period,0.000,6.000,0.0000,0.0000,0.0500,12.00,100.00
*Period,6.000,7.000,0.0000,0.0000,0.0500,17.00,21.00
*Period,7.000,8.000,0.2500,1.0000,1.0000,17.00,21.00
*Period,8.000,9.000,0.7500,1.0000,1.0000,17.00,21.00
*Period,9.000,15.000,1.0000,1.0000,1.0000,17.00,21.00
*Period,15.000,16.000,0.7500,1.0000,1.0000,17.00,21.00
*Period,16.000,18.000,0.2500,1.0000,1.0000,17.00,21.00
*Period,18.000,19.000,0.7500,1.0000,1.0000,17.00,21.00
*Period,19.000,23.000,1.0000,1.0000,1.0000,17.00,21.00
*Period,23.000,24.000,0.7500,1.0000,1.0000,17.00,21.00
*Period,24.000,24.000,0.2500,1.0000,1.0000,17.00,21.00
*Index_each_julian_day_of_the_year:
3,3,3,3,3,3,3,3,3,3,3,3,3,3,3,3,3,3,3,3,3,3,3,3,3,3,3,3,3,3,3,3,3,3,3,3,3,3,3,3,3,3,3,3,3,3,3,
3,3,3,3,3,3,3,3,3,3,3,3,3,3,3,3,3,3,3,3,3,3,3,3,3,3,3,3,3,3,3,3,3,3,3,3,3,3,3,3,3,3,3,3,3,3,3,
3,3,3,3,3,3,3,3,3,3,3,3,3,3,3,3,3,3,3,3,3,3,3,3,3,3,3,3,3,3,3,3,3,3,3,3,3,3,3,3,3,3,3,3,3,3,3,
3,3,3,3,3,3,3,3,3,3,3,3,3,3,3,3,3,3,3,3,3,3,3,3,3,3,3,3,3,3,3,3,3,3,3,3,3,3,3,3,3,3,3,3,3,3,3,
3,3,3,3,3,3,3,3,3,3,3,3,3,3,3,3,3,3,3,3,3,3,3,3,3,3,3,3,3,3,3,3,3,3,3,3,3,3,3,3,3,3,3,3,3,3,3,
3,3,3,3,3,3,3,3,3,3,3,3,3,3,3,3,3,3,3,3,3,3,3,3,3,3,3,3,3,3,3,3,3,3,3,3,3,3,3,3,3,3,3,3,3,3,3,
3,3,3,3,3,3,3,3,3,3,3,3,3,3,3,3,3,3,3,3,3,3,3,3,3,3,3,3,3,3,3,3,3,3,3,3,3,3,3,3,3,3,3,3,3,3,3,
3,3,3,3,3,3,3,3,3,3,3,3,3,3,3,3,3,3,3,3,3,3,3,3,3,3,3,3,3,3,3,3,3,3,3,3
*Local_Index_each_julian_day_of_the_year:
1,1,1,1,1,1,1,1,1,1,1,1,1,1,1,1,1,1,1,1,1,1,1,1,1,1,1,1,1,1,1,1,1,1,1,1,1,1,1,1,1,1,1,1,1,1,1,
1,1,1,1,1,1,1,1,1,1,1,1,1,1,1,1,1,1,1,1,1,1,1,1,1,1,1,1,1,1,1,1,1,1,1,1,1,1,1,1,1,1,1,1,1,1,1,
1,1,1,1,1,1,1,1,1,1,1,1,1,1,1,1,1,1,1,1,1,1,1,1,1,1,1,1,1,1,1,1,1,1,1,1,1,1,1,1,1,1,1,1,1,1,1,
1,1,1,1,1,1,1,1,1,1,1,1,1,1,1,1,1,1,1,1,1,1,1,1,1,1,1,1,1,1,1,1,1,1,1,1,1,1,1,1,1,1,1,1,1,1,1,
1,1,1,1,1,1,1,1,1,1,1,1,1,1,1,1,1,1,1,1,1,1,1,1,1,1,1,1,1,1,1,1,1,1,1,1,1,1,1,1,1,1,1,1,1,1,1,
1,1,1,1,1,1,1,1,1,1,1,1,1,1,1,1,1,1,1,1,1,1,1,1,1,1,1,1,1,1,1,1,1,1,1,1,1,1,1,1,1,1,1,1,1,1,1,
1,1,1,1,1,1,1,1,1,1,1,1,1,1,1,1,1,1,1,1,1,1,1,1,1,1,1,1,1,1,1,1,1,1,1,1,1,1,1,1,1,1,1,1,1,1,1,
1,1,1,1,1,1,1,1,1,1,1,1,1,1,1,1,1,1,1,1,1,1,1,1,1,1,1,1,1,1,1,1,1,1,1,1
*End
