BuildAX summary from LRS
number of sensors  4
include,degC
include,Lux
include,RH
include,PIR
include,SW
sensor list 420B14AC,42724E0F,4294D9B6,42CBD294
JulianTime,yyyy-mm-dd,hh:mm,420B14AC_degC,420B14AC_Lux,420B14AC_RH,420B14AC_PIR,420B14AC_SW,42724E0F_degC,42724E0F_Lux,42724E0F_RH,42724E0F_PIR,42724E0F_SW,4294D9B6_degC,4294D9B6_Lux,4294D9B6_RH,4294D9B6_PIR,4294D9B6_SW,42CBD294_degC,42CBD294_Lux,42CBD294_RH,42CBD294_PIR,42CBD294_SW,
296.000000,2018/10/23 00:00,0.00,0.00,0.00,0.00,0.00,0.00,0.00,0.00,0.00,0.00,0.00,0.00,0.00,0.00,0.00,0.00,0.00,0.00,0.00,0.00
296.003479,2018/10/23 00:05,0.00,0.00,0.00,0.00,0.00,0.00,0.00,0.00,0.00,0.00,0.00,0.00,0.00,0.00,0.00,0.00,0.00,0.00,0.00,0.00
296.006958,2018/10/23 00:10,0.00,0.00,0.00,0.00,0.00,0.00,0.00,0.00,0.00,0.00,0.00,0.00,0.00,0.00,0.00,0.00,0.00,0.00,0.00,0.00
296.010406,2018/10/23 00:15,0.00,0.00,0.00,0.00,0.00,0.00,0.00,0.00,0.00,0.00,0.00,0.00,0.00,0.00,0.00,0.00,0.00,0.00,0.00,0.00
296.013885,2018/10/23 00:20,0.00,0.00,0.00,0.00,0.00,0.00,0.00,0.00,0.00,0.00,0.00,0.00,0.00,0.00,0.00,0.00,0.00,0.00,0.00,0.00
296.017365,2018/10/23 00:25,0.00,0.00,0.00,0.00,0.00,0.00,0.00,0.00,0.00,0.00,0.00,0.00,0.00,0.00,0.00,0.00,0.00,0.00,0.00,0.00
296.020844,2018/10/23 00:30,0.00,0.00,0.00,0.00,0.00,0.00,0.00,0.00,0.00,0.00,0.00,0.00,0.00,0.00,0.00,0.00,0.00,0.00,0.00,0.00
296.024292,2018/10/23 00:35,0.00,0.00,0.00,0.00,0.00,0.00,0.00,0.00,0.00,0.00,0.00,0.00,0.00,0.00,0.00,0.00,0.00,0.00,0.00,0.00
296.027771,2018/10/23 00:40,0.00,0.00,0.00,0.00,0.00,0.00,0.00,0.00,0.00,0.00,0.00,0.00,0.00,0.00,0.00,0.00,0.00,0.00,0.00,0.00
296.031250,2018/10/23 00:45,0.00,0.00,0.00,0.00,0.00,0.00,0.00,0.00,0.00,0.00,0.00,0.00,0.00,0.00,0.00,0.00,0.00,0.00,0.00,0.00
296.034729,2018/10/23 00:50,0.00,0.00,0.00,0.00,0.00,0.00,0.00,0.00,0.00,0.00,0.00,0.00,0.00,0.00,0.00,0.00,0.00,0.00,0.00,0.00
296.038208,2018/10/23 00:55,0.00,0.00,0.00,0.00,0.00,0.00,0.00,0.00,0.00,0.00,0.00,0.00,0.00,0.00,0.00,0.00,0.00,0.00,0.00,0.00
296.041656,2018/10/23 01:00,0.00,0.00,0.00,0.00,0.00,0.00,0.00,0.00,0.00,0.00,0.00,0.00,0.00,0.00,0.00,0.00,0.00,0.00,0.00,0.00
296.045135,2018/10/23 01:05,0.00,0.00,0.00,0.00,0.00,0.00,0.00,0.00,0.00,0.00,0.00,0.00,0.00,0.00,0.00,0.00,0.00,0.00,0.00,0.00
296.048615,2018/10/23 01:10,0.00,0.00,0.00,0.00,0.00,0.00,0.00,0.00,0.00,0.00,0.00,0.00,0.00,0.00,0.00,0.00,0.00,0.00,0.00,0.00
296.052094,2018/10/23 01:15,0.00,0.00,0.00,0.00,0.00,0.00,0.00,0.00,0.00,0.00,0.00,0.00,0.00,0.00,0.00,0.00,0.00,0.00,0.00,0.00
296.055542,2018/10/23 01:20,0.00,0.00,0.00,0.00,0.00,0.00,0.00,0.00,0.00,0.00,0.00,0.00,0.00,0.00,0.00,0.00,0.00,0.00,0.00,0.00
296.059021,2018/10/23 01:25,0.00,0.00,0.00,0.00,0.00,0.00,0.00,0.00,0.00,0.00,0.00,0.00,0.00,0.00,0.00,0.00,0.00,0.00,0.00,0.00
296.062500,2018/10/23 01:30,0.00,0.00,0.00,0.00,0.00,0.00,0.00,0.00,0.00,0.00,0.00,0.00,0.00,0.00,0.00,0.00,0.00,0.00,0.00,0.00
296.065979,2018/10/23 01:35,0.00,0.00,0.00,0.00,0.00,0.00,0.00,0.00,0.00,0.00,0.00,0.00,0.00,0.00,0.00,0.00,0.00,0.00,0.00,0.00
296.069458,2018/10/23 01:40,0.00,0.00,0.00,0.00,0.00,0.00,0.00,0.00,0.00,0.00,0.00,0.00,0.00,0.00,0.00,0.00,0.00,0.00,0.00,0.00
296.072906,2018/10/23 01:45,0.00,0.00,0.00,0.00,0.00,0.00,0.00,0.00,0.00,0.00,0.00,0.00,0.00,0.00,0.00,0.00,0.00,0.00,0.00,0.00
296.076385,2018/10/23 01:50,0.00,0.00,0.00,0.00,0.00,0.00,0.00,0.00,0.00,0.00,0.00,0.00,0.00,0.00,0.00,0.00,0.00,0.00,0.00,0.00
296.079865,2018/10/23 01:55,0.00,0.00,0.00,0.00,0.00,0.00,0.00,0.00,0.00,0.00,0.00,0.00,0.00,0.00,0.00,0.00,0.00,0.00,0.00,0.00
296.083344,2018/10/23 02:00,0.00,0.00,0.00,0.00,0.00,0.00,0.00,0.00,0.00,0.00,0.00,0.00,0.00,0.00,0.00,0.00,0.00,0.00,0.00,0.00
296.086792,2018/10/23 02:05,0.00,0.00,0.00,0.00,0.00,0.00,0.00,0.00,0.00,0.00,0.00,0.00,0.00,0.00,0.00,0.00,0.00,0.00,0.00,0.00
296.090271,2018/10/23 02:10,0.00,0.00,0.00,0.00,0.00,0.00,0.00,0.00,0.00,0.00,0.00,0.00,0.00,0.00,0.00,0.00,0.00,0.00,0.00,0.00
296.093750,2018/10/23 02:15,0.00,0.00,0.00,0.00,0.00,0.00,0.00,0.00,0.00,0.00,0.00,0.00,0.00,0.00,0.00,0.00,0.00,0.00,0.00,0.00
296.097229,2018/10/23 02:20,0.00,0.00,0.00,0.00,0.00,0.00,0.00,0.00,0.00,0.00,0.00,0.00,0.00,0.00,0.00,0.00,0.00,0.00,0.00,0.00
296.100708,2018/10/23 02:25,0.00,0.00,0.00,0.00,0.00,0.00,0.00,0.00,0.00,0.00,0.00,0.00,0.00,0.00,0.00,0.00,0.00,0.00,0.00,0.00
296.104156,2018/10/23 02:30,0.00,0.00,0.00,0.00,0.00,0.00,0.00,0.00,0.00,0.00,0.00,0.00,0.00,0.00,0.00,0.00,0.00,0.00,0.00,0.00
296.107635,2018/10/23 02:35,0.00,0.00,0.00,0.00,0.00,0.00,0.00,0.00,0.00,0.00,0.00,0.00,0.00,0.00,0.00,0.00,0.00,0.00,0.00,0.00
296.111115,2018/10/23 02:40,0.00,0.00,0.00,0.00,0.00,0.00,0.00,0.00,0.00,0.00,0.00,0.00,0.00,0.00,0.00,0.00,0.00,0.00,0.00,0.00
296.114594,2018/10/23 02:45,0.00,0.00,0.00,0.00,0.00,0.00,0.00,0.00,0.00,0.00,0.00,0.00,0.00,0.00,0.00,0.00,0.00,0.00,0.00,0.00
296.118042,2018/10/23 02:50,0.00,0.00,0.00,0.00,0.00,0.00,0.00,0.00,0.00,0.00,0.00,0.00,0.00,0.00,0.00,0.00,0.00,0.00,0.00,0.00
296.121521,2018/10/23 02:55,0.00,0.00,0.00,0.00,0.00,0.00,0.00,0.00,0.00,0.00,0.00,0.00,0.00,0.00,0.00,0.00,0.00,0.00,0.00,0.00
296.125000,2018/10/23 03:00,0.00,0.00,0.00,0.00,0.00,0.00,0.00,0.00,0.00,0.00,0.00,0.00,0.00,0.00,0.00,0.00,0.00,0.00,0.00,0.00
296.128479,2018/10/23 03:05,0.00,0.00,0.00,0.00,0.00,0.00,0.00,0.00,0.00,0.00,0.00,0.00,0.00,0.00,0.00,0.00,0.00,0.00,0.00,0.00
296.131958,2018/10/23 03:10,0.00,0.00,0.00,0.00,0.00,0.00,0.00,0.00,0.00,0.00,0.00,0.00,0.00,0.00,0.00,0.00,0.00,0.00,0.00,0.00
296.135406,2018/10/23 03:15,0.00,0.00,0.00,0.00,0.00,0.00,0.00,0.00,0.00,0.00,0.00,0.00,0.00,0.00,0.00,0.00,0.00,0.00,0.00,0.00
296.138885,2018/10/23 03:20,0.00,0.00,0.00,0.00,0.00,0.00,0.00,0.00,0.00,0.00,0.00,0.00,0.00,0.00,0.00,0.00,0.00,0.00,0.00,0.00
296.142365,2018/10/23 03:25,0.00,0.00,0.00,0.00,0.00,0.00,0.00,0.00,0.00,0.00,0.00,0.00,0.00,0.00,0.00,0.00,0.00,0.00,0.00,0.00
296.145844,2018/10/23 03:30,0.00,0.00,0.00,0.00,0.00,0.00,0.00,0.00,0.00,0.00,0.00,0.00,0.00,0.00,0.00,0.00,0.00,0.00,0.00,0.00
296.149292,2018/10/23 03:35,0.00,0.00,0.00,0.00,0.00,0.00,0.00,0.00,0.00,0.00,0.00,0.00,0.00,0.00,0.00,0.00,0.00,0.00,0.00,0.00
296.152771,2018/10/23 03:40,0.00,0.00,0.00,0.00,0.00,0.00,0.00,0.00,0.00,0.00,0.00,0.00,0.00,0.00,0.00,0.00,0.00,0.00,0.00,0.00
296.156250,2018/10/23 03:45,0.00,0.00,0.00,0.00,0.00,0.00,0.00,0.00,0.00,0.00,0.00,0.00,0.00,0.00,0.00,0.00,0.00,0.00,0.00,0.00
296.159729,2018/10/23 03:50,0.00,0.00,0.00,0.00,0.00,0.00,0.00,0.00,0.00,0.00,0.00,0.00,0.00,0.00,0.00,0.00,0.00,0.00,0.00,0.00
296.163208,2018/10/23 03:55,0.00,0.00,0.00,0.00,0.00,0.00,0.00,0.00,0.00,0.00,0.00,0.00,0.00,0.00,0.00,0.00,0.00,0.00,0.00,0.00
296.166656,2018/10/23 04:00,0.00,0.00,0.00,0.00,0.00,0.00,0.00,0.00,0.00,0.00,0.00,0.00,0.00,0.00,0.00,0.00,0.00,0.00,0.00,0.00
296.170135,2018/10/23 04:05,0.00,0.00,0.00,0.00,0.00,0.00,0.00,0.00,0.00,0.00,0.00,0.00,0.00,0.00,0.00,0.00,0.00,0.00,0.00,0.00
296.173615,2018/10/23 04:10,0.00,0.00,0.00,0.00,0.00,0.00,0.00,0.00,0.00,0.00,0.00,0.00,0.00,0.00,0.00,0.00,0.00,0.00,0.00,0.00
296.177094,2018/10/23 04:15,0.00,0.00,0.00,0.00,0.00,0.00,0.00,0.00,0.00,0.00,0.00,0.00,0.00,0.00,0.00,0.00,0.00,0.00,0.00,0.00
296.180542,2018/10/23 04:20,0.00,0.00,0.00,0.00,0.00,0.00,0.00,0.00,0.00,0.00,0.00,0.00,0.00,0.00,0.00,0.00,0.00,0.00,0.00,0.00
296.184021,2018/10/23 04:25,0.00,0.00,0.00,0.00,0.00,0.00,0.00,0.00,0.00,0.00,0.00,0.00,0.00,0.00,0.00,0.00,0.00,0.00,0.00,0.00
296.187500,2018/10/23 04:30,0.00,0.00,0.00,0.00,0.00,0.00,0.00,0.00,0.00,0.00,0.00,0.00,0.00,0.00,0.00,0.00,0.00,0.00,0.00,0.00
296.190979,2018/10/23 04:35,0.00,0.00,0.00,0.00,0.00,0.00,0.00,0.00,0.00,0.00,0.00,0.00,0.00,0.00,0.00,0.00,0.00,0.00,0.00,0.00
296.194458,2018/10/23 04:40,0.00,0.00,0.00,0.00,0.00,0.00,0.00,0.00,0.00,0.00,0.00,0.00,0.00,0.00,0.00,0.00,0.00,0.00,0.00,0.00
296.197906,2018/10/23 04:45,0.00,0.00,0.00,0.00,0.00,0.00,0.00,0.00,0.00,0.00,0.00,0.00,0.00,0.00,0.00,0.00,0.00,0.00,0.00,0.00
296.201385,2018/10/23 04:50,0.00,0.00,0.00,0.00,0.00,0.00,0.00,0.00,0.00,0.00,0.00,0.00,0.00,0.00,0.00,0.00,0.00,0.00,0.00,0.00
296.204865,2018/10/23 04:55,0.00,0.00,0.00,0.00,0.00,0.00,0.00,0.00,0.00,0.00,0.00,0.00,0.00,0.00,0.00,0.00,0.00,0.00,0.00,0.00
296.208344,2018/10/23 05:00,0.00,0.00,0.00,0.00,0.00,0.00,0.00,0.00,0.00,0.00,0.00,0.00,0.00,0.00,0.00,0.00,0.00,0.00,0.00,0.00
296.211792,2018/10/23 05:05,0.00,0.00,0.00,0.00,0.00,0.00,0.00,0.00,0.00,0.00,0.00,0.00,0.00,0.00,0.00,0.00,0.00,0.00,0.00,0.00
296.215271,2018/10/23 05:10,0.00,0.00,0.00,0.00,0.00,0.00,0.00,0.00,0.00,0.00,0.00,0.00,0.00,0.00,0.00,0.00,0.00,0.00,0.00,0.00
296.218750,2018/10/23 05:15,0.00,0.00,0.00,0.00,0.00,0.00,0.00,0.00,0.00,0.00,0.00,0.00,0.00,0.00,0.00,0.00,0.00,0.00,0.00,0.00
296.222229,2018/10/23 05:20,0.00,0.00,0.00,0.00,0.00,0.00,0.00,0.00,0.00,0.00,0.00,0.00,0.00,0.00,0.00,0.00,0.00,0.00,0.00,0.00
296.225708,2018/10/23 05:25,0.00,0.00,0.00,0.00,0.00,0.00,0.00,0.00,0.00,0.00,0.00,0.00,0.00,0.00,0.00,0.00,0.00,0.00,0.00,0.00
296.229156,2018/10/23 05:30,0.00,0.00,0.00,0.00,0.00,0.00,0.00,0.00,0.00,0.00,0.00,0.00,0.00,0.00,0.00,0.00,0.00,0.00,0.00,0.00
296.232635,2018/10/23 05:35,0.00,0.00,0.00,0.00,0.00,0.00,0.00,0.00,0.00,0.00,0.00,0.00,0.00,0.00,0.00,0.00,0.00,0.00,0.00,0.00
296.236115,2018/10/23 05:40,0.00,0.00,0.00,0.00,0.00,0.00,0.00,0.00,0.00,0.00,0.00,0.00,0.00,0.00,0.00,0.00,0.00,0.00,0.00,0.00
296.239594,2018/10/23 05:45,0.00,0.00,0.00,0.00,0.00,0.00,0.00,0.00,0.00,0.00,0.00,0.00,0.00,0.00,0.00,0.00,0.00,0.00,0.00,0.00
296.243042,2018/10/23 05:50,0.00,0.00,0.00,0.00,0.00,0.00,0.00,0.00,0.00,0.00,0.00,0.00,0.00,0.00,0.00,0.00,0.00,0.00,0.00,0.00
296.246521,2018/10/23 05:55,0.00,0.00,0.00,0.00,0.00,0.00,0.00,0.00,0.00,0.00,0.00,0.00,0.00,0.00,0.00,0.00,0.00,0.00,0.00,0.00
296.250000,2018/10/23 06:00,0.00,0.00,0.00,0.00,0.00,0.00,0.00,0.00,0.00,0.00,0.00,0.00,0.00,0.00,0.00,0.00,0.00,0.00,0.00,0.00
296.253479,2018/10/23 06:05,0.00,0.00,0.00,0.00,0.00,0.00,0.00,0.00,0.00,0.00,0.00,0.00,0.00,0.00,0.00,0.00,0.00,0.00,0.00,0.00
296.256958,2018/10/23 06:10,0.00,0.00,0.00,0.00,0.00,0.00,0.00,0.00,0.00,0.00,0.00,0.00,0.00,0.00,0.00,0.00,0.00,0.00,0.00,0.00
296.260406,2018/10/23 06:15,0.00,0.00,0.00,0.00,0.00,0.00,0.00,0.00,0.00,0.00,0.00,0.00,0.00,0.00,0.00,0.00,0.00,0.00,0.00,0.00
296.263885,2018/10/23 06:20,0.00,0.00,0.00,0.00,0.00,0.00,0.00,0.00,0.00,0.00,0.00,0.00,0.00,0.00,0.00,0.00,0.00,0.00,0.00,0.00
296.267365,2018/10/23 06:25,0.00,0.00,0.00,0.00,0.00,0.00,0.00,0.00,0.00,0.00,0.00,0.00,0.00,0.00,0.00,0.00,0.00,0.00,0.00,0.00
296.270844,2018/10/23 06:30,0.00,0.00,0.00,0.00,0.00,0.00,0.00,0.00,0.00,0.00,0.00,0.00,0.00,0.00,0.00,0.00,0.00,0.00,0.00,0.00
296.274292,2018/10/23 06:34,0.00,0.00,0.00,0.00,0.00,0.00,0.00,0.00,0.00,0.00,0.00,0.00,0.00,0.00,0.00,0.00,0.00,0.00,0.00,0.00
296.277771,2018/10/23 06:39,0.00,0.00,0.00,0.00,0.00,0.00,0.00,0.00,0.00,0.00,0.00,0.00,0.00,0.00,0.00,0.00,0.00,0.00,0.00,0.00
296.281250,2018/10/23 06:44,0.00,0.00,0.00,0.00,0.00,0.00,0.00,0.00,0.00,0.00,0.00,0.00,0.00,0.00,0.00,0.00,0.00,0.00,0.00,0.00
296.284729,2018/10/23 06:49,0.00,0.00,0.00,0.00,0.00,0.00,0.00,0.00,0.00,0.00,0.00,0.00,0.00,0.00,0.00,0.00,0.00,0.00,0.00,0.00
296.288208,2018/10/23 06:54,0.00,0.00,0.00,0.00,0.00,0.00,0.00,0.00,0.00,0.00,0.00,0.00,0.00,0.00,0.00,0.00,0.00,0.00,0.00,0.00
296.291656,2018/10/23 06:59,0.00,0.00,0.00,0.00,0.00,0.00,0.00,0.00,0.00,0.00,0.00,0.00,0.00,0.00,0.00,0.00,0.00,0.00,0.00,0.00
296.295135,2018/10/23 07:04,0.00,0.00,0.00,0.00,0.00,0.00,0.00,0.00,0.00,0.00,0.00,0.00,0.00,0.00,0.00,0.00,0.00,0.00,0.00,0.00
296.298615,2018/10/23 07:09,0.00,0.00,0.00,0.00,0.00,0.00,0.00,0.00,0.00,0.00,0.00,0.00,0.00,0.00,0.00,0.00,0.00,0.00,0.00,0.00
296.302094,2018/10/23 07:14,0.00,0.00,0.00,0.00,0.00,0.00,0.00,0.00,0.00,0.00,0.00,0.00,0.00,0.00,0.00,0.00,0.00,0.00,0.00,0.00
296.305542,2018/10/23 07:19,0.00,0.00,0.00,0.00,0.00,0.00,0.00,0.00,0.00,0.00,0.00,0.00,0.00,0.00,0.00,0.00,0.00,0.00,0.00,0.00
296.309021,2018/10/23 07:24,0.00,0.00,0.00,0.00,0.00,0.00,0.00,0.00,0.00,0.00,0.00,0.00,0.00,0.00,0.00,0.00,0.00,0.00,0.00,0.00
296.312500,2018/10/23 07:29,0.00,0.00,0.00,0.00,0.00,0.00,0.00,0.00,0.00,0.00,0.00,0.00,0.00,0.00,0.00,0.00,0.00,0.00,0.00,0.00
296.315979,2018/10/23 07:34,0.00,0.00,0.00,0.00,0.00,0.00,0.00,0.00,0.00,0.00,0.00,0.00,0.00,0.00,0.00,0.00,0.00,0.00,0.00,0.00
296.319458,2018/10/23 07:39,0.00,0.00,0.00,0.00,0.00,0.00,0.00,0.00,0.00,0.00,0.00,0.00,0.00,0.00,0.00,0.00,0.00,0.00,0.00,0.00
296.322906,2018/10/23 07:44,0.00,0.00,0.00,0.00,0.00,0.00,0.00,0.00,0.00,0.00,0.00,0.00,0.00,0.00,0.00,0.00,0.00,0.00,0.00,0.00
296.326385,2018/10/23 07:49,0.00,0.00,0.00,0.00,0.00,0.00,0.00,0.00,0.00,0.00,0.00,0.00,0.00,0.00,0.00,0.00,0.00,0.00,0.00,0.00
296.329865,2018/10/23 07:54,0.00,0.00,0.00,0.00,0.00,0.00,0.00,0.00,0.00,0.00,0.00,0.00,0.00,0.00,0.00,0.00,0.00,0.00,0.00,0.00
296.333344,2018/10/23 07:59,0.00,0.00,0.00,0.00,0.00,0.00,0.00,0.00,0.00,0.00,0.00,0.00,0.00,0.00,0.00,0.00,0.00,0.00,0.00,0.00
296.336792,2018/10/23 08:04,0.00,0.00,0.00,0.00,0.00,0.00,0.00,0.00,0.00,0.00,0.00,0.00,0.00,0.00,0.00,0.00,0.00,0.00,0.00,0.00
296.340271,2018/10/23 08:09,0.00,0.00,0.00,0.00,0.00,0.00,0.00,0.00,0.00,0.00,0.00,0.00,0.00,0.00,0.00,0.00,0.00,0.00,0.00,0.00
296.343750,2018/10/23 08:14,0.00,0.00,0.00,0.00,0.00,0.00,0.00,0.00,0.00,0.00,0.00,0.00,0.00,0.00,0.00,0.00,0.00,0.00,0.00,0.00
296.347229,2018/10/23 08:19,0.00,0.00,0.00,0.00,0.00,0.00,0.00,0.00,0.00,0.00,0.00,0.00,0.00,0.00,0.00,0.00,0.00,0.00,0.00,0.00
296.350708,2018/10/23 08:24,0.00,0.00,0.00,0.00,0.00,0.00,0.00,0.00,0.00,0.00,0.00,0.00,0.00,0.00,0.00,0.00,0.00,0.00,0.00,0.00
296.354156,2018/10/23 08:29,0.00,0.00,0.00,0.00,0.00,0.00,0.00,0.00,0.00,0.00,0.00,0.00,0.00,0.00,0.00,0.00,0.00,0.00,0.00,0.00
296.357635,2018/10/23 08:34,0.00,0.00,0.00,0.00,0.00,0.00,0.00,0.00,0.00,0.00,0.00,0.00,0.00,0.00,0.00,0.00,0.00,0.00,0.00,0.00
296.361115,2018/10/23 08:39,0.00,0.00,0.00,0.00,0.00,0.00,0.00,0.00,0.00,0.00,0.00,0.00,0.00,0.00,0.00,0.00,0.00,0.00,0.00,0.00
296.364594,2018/10/23 08:44,0.00,0.00,0.00,0.00,0.00,0.00,0.00,0.00,0.00,0.00,0.00,0.00,0.00,0.00,0.00,0.00,0.00,0.00,0.00,0.00
296.368042,2018/10/23 08:49,0.00,0.00,0.00,0.00,0.00,0.00,0.00,0.00,0.00,0.00,0.00,0.00,0.00,0.00,0.00,0.00,0.00,0.00,0.00,0.00
296.371521,2018/10/23 08:54,0.00,0.00,0.00,0.00,0.00,0.00,0.00,0.00,0.00,0.00,0.00,0.00,0.00,0.00,0.00,0.00,0.00,0.00,0.00,0.00
296.375000,2018/10/23 08:59,0.00,0.00,0.00,0.00,0.00,0.00,0.00,0.00,0.00,0.00,0.00,0.00,0.00,0.00,0.00,0.00,0.00,0.00,0.00,0.00
296.378479,2018/10/23 09:04,0.00,0.00,0.00,0.00,0.00,0.00,0.00,0.00,0.00,0.00,0.00,0.00,0.00,0.00,0.00,0.00,0.00,0.00,0.00,0.00
296.381958,2018/10/23 09:09,0.00,0.00,0.00,0.00,0.00,0.00,0.00,0.00,0.00,0.00,0.00,0.00,0.00,0.00,0.00,0.00,0.00,0.00,0.00,0.00
296.385406,2018/10/23 09:14,0.00,0.00,0.00,0.00,0.00,0.00,0.00,0.00,0.00,0.00,0.00,0.00,0.00,0.00,0.00,0.00,0.00,0.00,0.00,0.00
296.388885,2018/10/23 09:19,0.00,0.00,0.00,0.00,0.00,0.00,0.00,0.00,0.00,0.00,0.00,0.00,0.00,0.00,0.00,0.00,0.00,0.00,0.00,0.00
296.392365,2018/10/23 09:24,0.00,0.00,0.00,0.00,0.00,0.00,0.00,0.00,0.00,0.00,0.00,0.00,0.00,0.00,0.00,0.00,0.00,0.00,0.00,0.00
296.395844,2018/10/23 09:29,0.00,0.00,0.00,0.00,0.00,0.00,0.00,0.00,0.00,0.00,0.00,0.00,0.00,0.00,0.00,0.00,0.00,0.00,0.00,0.00
296.399292,2018/10/23 09:34,0.00,0.00,0.00,0.00,0.00,0.00,0.00,0.00,0.00,0.00,0.00,0.00,0.00,0.00,0.00,0.00,0.00,0.00,0.00,0.00
296.402771,2018/10/23 09:39,0.00,0.00,0.00,0.00,0.00,0.00,0.00,0.00,0.00,0.00,0.00,0.00,0.00,0.00,0.00,0.00,0.00,0.00,0.00,0.00
296.406250,2018/10/23 09:44,0.00,0.00,0.00,0.00,0.00,0.00,0.00,0.00,0.00,0.00,0.00,0.00,0.00,0.00,0.00,0.00,0.00,0.00,0.00,0.00
296.409729,2018/10/23 09:49,0.00,0.00,0.00,0.00,0.00,0.00,0.00,0.00,0.00,0.00,0.00,0.00,0.00,0.00,0.00,0.00,0.00,0.00,0.00,0.00
296.413208,2018/10/23 09:54,0.00,0.00,0.00,0.00,0.00,0.00,0.00,0.00,0.00,0.00,0.00,0.00,0.00,0.00,0.00,0.00,0.00,0.00,0.00,0.00
296.416656,2018/10/23 09:59,0.00,0.00,0.00,0.00,0.00,0.00,0.00,0.00,0.00,0.00,0.00,0.00,0.00,0.00,0.00,0.00,0.00,0.00,0.00,0.00
296.420135,2018/10/23 10:04,0.00,0.00,0.00,0.00,0.00,0.00,0.00,0.00,0.00,0.00,0.00,0.00,0.00,0.00,0.00,0.00,0.00,0.00,0.00,0.00
296.423615,2018/10/23 10:09,0.00,0.00,0.00,0.00,0.00,0.00,0.00,0.00,0.00,0.00,0.00,0.00,0.00,0.00,0.00,0.00,0.00,0.00,0.00,0.00
296.427094,2018/10/23 10:14,0.00,0.00,0.00,0.00,0.00,0.00,0.00,0.00,0.00,0.00,0.00,0.00,0.00,0.00,0.00,0.00,0.00,0.00,0.00,0.00
296.430542,2018/10/23 10:19,0.00,0.00,0.00,0.00,0.00,0.00,0.00,0.00,0.00,0.00,0.00,0.00,0.00,0.00,0.00,0.00,0.00,0.00,0.00,0.00
296.434021,2018/10/23 10:24,0.00,0.00,0.00,0.00,0.00,0.00,0.00,0.00,0.00,0.00,0.00,0.00,0.00,0.00,0.00,0.00,0.00,0.00,0.00,0.00
296.437500,2018/10/23 10:29,0.00,0.00,0.00,0.00,0.00,0.00,0.00,0.00,0.00,0.00,0.00,0.00,0.00,0.00,0.00,0.00,0.00,0.00,0.00,0.00
296.440979,2018/10/23 10:34,0.00,0.00,0.00,0.00,0.00,0.00,0.00,0.00,0.00,0.00,0.00,0.00,0.00,0.00,0.00,0.00,0.00,0.00,0.00,0.00
296.444458,2018/10/23 10:39,0.00,0.00,0.00,0.00,0.00,0.00,0.00,0.00,0.00,0.00,0.00,0.00,0.00,0.00,0.00,0.00,0.00,0.00,0.00,0.00
296.447906,2018/10/23 10:44,0.00,0.00,0.00,0.00,0.00,0.00,0.00,0.00,0.00,0.00,0.00,0.00,0.00,0.00,0.00,0.00,0.00,0.00,0.00,0.00
296.451385,2018/10/23 10:49,0.00,0.00,0.00,0.00,0.00,0.00,0.00,0.00,0.00,0.00,0.00,0.00,0.00,0.00,0.00,0.00,0.00,0.00,0.00,0.00
296.454865,2018/10/23 10:54,0.00,0.00,0.00,0.00,0.00,0.00,0.00,0.00,0.00,0.00,0.00,0.00,0.00,0.00,0.00,0.00,0.00,0.00,0.00,0.00
296.458344,2018/10/23 10:59,0.00,0.00,0.00,0.00,0.00,0.00,0.00,0.00,0.00,0.00,0.00,0.00,0.00,0.00,0.00,0.00,0.00,0.00,0.00,0.00
296.461792,2018/10/23 11:04,0.00,0.00,0.00,0.00,0.00,0.00,0.00,0.00,0.00,0.00,0.00,0.00,0.00,0.00,0.00,0.00,0.00,0.00,0.00,0.00
296.465271,2018/10/23 11:09,0.00,0.00,0.00,0.00,0.00,0.00,0.00,0.00,0.00,0.00,0.00,0.00,0.00,0.00,0.00,0.00,0.00,0.00,0.00,0.00
296.468750,2018/10/23 11:14,0.00,0.00,0.00,0.00,0.00,0.00,0.00,0.00,0.00,0.00,0.00,0.00,0.00,0.00,0.00,0.00,0.00,0.00,0.00,0.00
296.472229,2018/10/23 11:19,0.00,0.00,0.00,0.00,0.00,0.00,0.00,0.00,0.00,0.00,0.00,0.00,0.00,0.00,0.00,0.00,0.00,0.00,0.00,0.00
296.475708,2018/10/23 11:24,0.00,0.00,0.00,0.00,0.00,0.00,0.00,0.00,0.00,0.00,0.00,0.00,0.00,0.00,0.00,0.00,0.00,0.00,0.00,0.00
296.479156,2018/10/23 11:29,0.00,0.00,0.00,0.00,0.00,0.00,0.00,0.00,0.00,0.00,0.00,0.00,0.00,0.00,0.00,0.00,0.00,0.00,0.00,0.00
296.482635,2018/10/23 11:34,0.00,0.00,0.00,0.00,0.00,0.00,0.00,0.00,0.00,0.00,0.00,0.00,0.00,0.00,0.00,0.00,0.00,0.00,0.00,0.00
296.486115,2018/10/23 11:39,0.00,0.00,0.00,0.00,0.00,0.00,0.00,0.00,0.00,0.00,0.00,0.00,0.00,0.00,0.00,0.00,0.00,0.00,0.00,0.00
296.489594,2018/10/23 11:44,0.00,0.00,0.00,0.00,0.00,0.00,0.00,0.00,0.00,0.00,0.00,0.00,0.00,0.00,0.00,0.00,0.00,0.00,0.00,0.00
296.493042,2018/10/23 11:49,0.00,0.00,0.00,0.00,0.00,0.00,0.00,0.00,0.00,0.00,0.00,0.00,0.00,0.00,0.00,0.00,0.00,0.00,0.00,0.00
296.496521,2018/10/23 11:54,0.00,0.00,0.00,0.00,0.00,0.00,0.00,0.00,0.00,0.00,0.00,0.00,0.00,0.00,0.00,0.00,0.00,0.00,0.00,0.00
296.500000,2018/10/23 11:59,0.00,0.00,0.00,0.00,0.00,0.00,0.00,0.00,0.00,0.00,0.00,0.00,0.00,0.00,0.00,0.00,0.00,0.00,0.00,0.00
296.503479,2018/10/23 12:04,0.00,0.00,0.00,0.00,0.00,0.00,0.00,0.00,0.00,0.00,0.00,0.00,0.00,0.00,0.00,0.00,0.00,0.00,0.00,0.00
296.506958,2018/10/23 12:09,0.00,0.00,0.00,0.00,0.00,0.00,0.00,0.00,0.00,0.00,0.00,0.00,0.00,0.00,0.00,0.00,0.00,0.00,0.00,0.00
296.510406,2018/10/23 12:14,0.00,0.00,0.00,0.00,0.00,0.00,0.00,0.00,0.00,0.00,0.00,0.00,0.00,0.00,0.00,0.00,0.00,0.00,0.00,0.00
296.513885,2018/10/23 12:19,0.00,0.00,0.00,0.00,0.00,0.00,0.00,0.00,0.00,0.00,0.00,0.00,0.00,0.00,0.00,0.00,0.00,0.00,0.00,0.00
296.517365,2018/10/23 12:24,0.00,0.00,0.00,0.00,0.00,0.00,0.00,0.00,0.00,0.00,0.00,0.00,0.00,0.00,0.00,0.00,0.00,0.00,0.00,0.00
296.520844,2018/10/23 12:29,0.00,0.00,0.00,0.00,0.00,0.00,0.00,0.00,0.00,0.00,0.00,0.00,0.00,0.00,0.00,0.00,0.00,0.00,0.00,0.00
296.524292,2018/10/23 12:34,0.00,0.00,0.00,0.00,0.00,0.00,0.00,0.00,0.00,0.00,0.00,0.00,0.00,0.00,0.00,0.00,0.00,0.00,0.00,0.00
296.527771,2018/10/23 12:39,0.00,0.00,0.00,0.00,0.00,0.00,0.00,0.00,0.00,0.00,0.00,0.00,0.00,0.00,0.00,0.00,0.00,0.00,0.00,0.00
296.531250,2018/10/23 12:44,0.00,0.00,0.00,0.00,0.00,0.00,0.00,0.00,0.00,0.00,0.00,0.00,0.00,0.00,0.00,0.00,0.00,0.00,0.00,0.00
296.534729,2018/10/23 12:49,0.00,0.00,0.00,0.00,0.00,0.00,0.00,0.00,0.00,0.00,0.00,0.00,0.00,0.00,0.00,0.00,0.00,0.00,0.00,0.00
296.538208,2018/10/23 12:54,0.00,0.00,0.00,0.00,0.00,0.00,0.00,0.00,0.00,0.00,0.00,0.00,0.00,0.00,0.00,0.00,0.00,0.00,0.00,0.00
296.541656,2018/10/23 12:59,0.00,0.00,0.00,0.00,0.00,0.00,0.00,0.00,0.00,0.00,0.00,0.00,0.00,0.00,0.00,0.00,0.00,0.00,0.00,0.00
296.545135,2018/10/23 13:04,0.00,0.00,0.00,0.00,0.00,0.00,0.00,0.00,0.00,0.00,0.00,0.00,0.00,0.00,0.00,0.00,0.00,0.00,0.00,0.00
296.548615,2018/10/23 13:09,0.00,0.00,0.00,0.00,0.00,0.00,0.00,0.00,0.00,0.00,0.00,0.00,0.00,0.00,0.00,0.00,0.00,0.00,0.00,0.00
296.552094,2018/10/23 13:14,0.00,0.00,0.00,0.00,0.00,0.00,0.00,0.00,0.00,0.00,0.00,0.00,0.00,0.00,0.00,0.00,0.00,0.00,0.00,0.00
296.555542,2018/10/23 13:19,0.00,0.00,0.00,0.00,0.00,0.00,0.00,0.00,0.00,0.00,0.00,0.00,0.00,0.00,0.00,0.00,0.00,0.00,0.00,0.00
296.559021,2018/10/23 13:24,0.00,0.00,0.00,0.00,0.00,0.00,0.00,0.00,0.00,0.00,0.00,0.00,0.00,0.00,0.00,0.00,0.00,0.00,0.00,0.00
296.562500,2018/10/23 13:29,0.00,0.00,0.00,0.00,0.00,0.00,0.00,0.00,0.00,0.00,0.00,0.00,0.00,0.00,0.00,0.00,0.00,0.00,0.00,0.00
296.565979,2018/10/23 13:34,0.00,0.00,0.00,0.00,0.00,0.00,0.00,0.00,0.00,0.00,0.00,0.00,0.00,0.00,0.00,0.00,0.00,0.00,0.00,0.00
296.569458,2018/10/23 13:39,0.00,0.00,0.00,0.00,0.00,0.00,0.00,0.00,0.00,0.00,0.00,0.00,0.00,0.00,0.00,0.00,0.00,0.00,0.00,0.00
296.572906,2018/10/23 13:44,0.00,0.00,0.00,0.00,0.00,0.00,0.00,0.00,0.00,0.00,0.00,0.00,0.00,0.00,0.00,0.00,0.00,0.00,0.00,0.00
296.576385,2018/10/23 13:49,0.00,0.00,0.00,0.00,0.00,0.00,0.00,0.00,0.00,0.00,0.00,0.00,0.00,0.00,0.00,0.00,0.00,0.00,0.00,0.00
296.579865,2018/10/23 13:54,0.00,0.00,0.00,0.00,0.00,0.00,0.00,0.00,0.00,0.00,0.00,0.00,0.00,0.00,0.00,0.00,0.00,0.00,0.00,0.00
296.583344,2018/10/23 13:59,0.00,0.00,0.00,0.00,0.00,0.00,0.00,0.00,0.00,0.00,0.00,0.00,0.00,0.00,0.00,0.00,0.00,0.00,0.00,0.00
296.586792,2018/10/23 14:04,0.00,0.00,0.00,0.00,0.00,0.00,0.00,0.00,0.00,0.00,0.00,0.00,0.00,0.00,0.00,0.00,0.00,0.00,0.00,0.00
296.590271,2018/10/23 14:09,0.00,0.00,0.00,0.00,0.00,0.00,0.00,0.00,0.00,0.00,0.00,0.00,0.00,0.00,0.00,0.00,0.00,0.00,0.00,0.00
296.593750,2018/10/23 14:14,0.00,0.00,0.00,0.00,0.00,0.00,0.00,0.00,0.00,0.00,0.00,0.00,0.00,0.00,0.00,0.00,0.00,0.00,0.00,0.00
296.597229,2018/10/23 14:19,0.00,0.00,0.00,0.00,0.00,0.00,0.00,0.00,0.00,0.00,0.00,0.00,0.00,0.00,0.00,0.00,0.00,0.00,0.00,0.00
296.600708,2018/10/23 14:24,0.00,0.00,0.00,0.00,0.00,0.00,0.00,0.00,0.00,0.00,0.00,0.00,0.00,0.00,0.00,0.00,0.00,0.00,0.00,0.00
296.604156,2018/10/23 14:29,0.00,0.00,0.00,0.00,0.00,0.00,0.00,0.00,0.00,0.00,0.00,0.00,0.00,0.00,0.00,0.00,0.00,0.00,0.00,0.00
296.607635,2018/10/23 14:34,0.00,0.00,0.00,0.00,0.00,0.00,0.00,0.00,0.00,0.00,0.00,0.00,0.00,0.00,0.00,0.00,0.00,0.00,0.00,0.00
296.611115,2018/10/23 14:39,0.00,0.00,0.00,0.00,0.00,0.00,0.00,0.00,0.00,0.00,0.00,0.00,0.00,0.00,0.00,0.00,0.00,0.00,0.00,0.00
296.614594,2018/10/23 14:44,0.00,0.00,0.00,0.00,0.00,0.00,0.00,0.00,0.00,0.00,0.00,0.00,0.00,0.00,0.00,0.00,0.00,0.00,0.00,0.00
296.618042,2018/10/23 14:49,0.00,0.00,0.00,0.00,0.00,0.00,0.00,0.00,0.00,0.00,0.00,0.00,0.00,0.00,0.00,0.00,0.00,0.00,0.00,0.00
296.621521,2018/10/23 14:54,0.00,0.00,0.00,0.00,0.00,0.00,0.00,0.00,0.00,0.00,0.00,0.00,0.00,0.00,0.00,0.00,0.00,0.00,0.00,0.00
296.625000,2018/10/23 14:59,0.00,0.00,0.00,0.00,0.00,0.00,0.00,0.00,0.00,0.00,0.00,0.00,0.00,0.00,0.00,0.00,0.00,0.00,0.00,0.00
296.628479,2018/10/23 15:04,0.00,0.00,0.00,0.00,0.00,0.00,0.00,0.00,0.00,0.00,0.00,0.00,0.00,0.00,0.00,0.00,0.00,0.00,0.00,0.00
296.631958,2018/10/23 15:09,0.00,0.00,0.00,0.00,0.00,0.00,0.00,0.00,0.00,0.00,0.00,0.00,0.00,0.00,0.00,0.00,0.00,0.00,0.00,0.00
296.635406,2018/10/23 15:14,0.00,0.00,0.00,0.00,0.00,0.00,0.00,0.00,0.00,0.00,0.00,0.00,0.00,0.00,0.00,0.00,0.00,0.00,0.00,0.00
296.638885,2018/10/23 15:19,0.00,0.00,0.00,0.00,0.00,0.00,0.00,0.00,0.00,0.00,0.00,0.00,0.00,0.00,0.00,0.00,0.00,0.00,0.00,0.00
296.642365,2018/10/23 15:24,0.00,0.00,0.00,0.00,0.00,0.00,0.00,0.00,0.00,0.00,0.00,0.00,0.00,0.00,0.00,0.00,0.00,0.00,0.00,0.00
296.645844,2018/10/23 15:29,0.00,0.00,0.00,0.00,0.00,0.00,0.00,0.00,0.00,0.00,0.00,0.00,0.00,0.00,0.00,0.00,0.00,0.00,0.00,0.00
296.649292,2018/10/23 15:34,0.00,0.00,0.00,0.00,0.00,0.00,0.00,0.00,0.00,0.00,0.00,0.00,0.00,0.00,0.00,0.00,0.00,0.00,0.00,0.00
296.652771,2018/10/23 15:39,0.00,0.00,0.00,0.00,0.00,0.00,0.00,0.00,0.00,0.00,0.00,0.00,0.00,0.00,0.00,0.00,0.00,0.00,0.00,0.00
296.656250,2018/10/23 15:44,0.00,0.00,0.00,0.00,0.00,0.00,0.00,0.00,0.00,0.00,0.00,0.00,0.00,0.00,0.00,0.00,0.00,0.00,0.00,0.00
296.659729,2018/10/23 15:49,0.00,0.00,0.00,0.00,0.00,0.00,0.00,0.00,0.00,0.00,0.00,0.00,0.00,0.00,0.00,0.00,0.00,0.00,0.00,0.00
296.663208,2018/10/23 15:54,0.00,0.00,0.00,0.00,0.00,0.00,0.00,0.00,0.00,0.00,0.00,0.00,0.00,0.00,0.00,0.00,0.00,0.00,0.00,0.00
296.666656,2018/10/23 15:59,0.00,0.00,0.00,0.00,0.00,0.00,0.00,0.00,0.00,0.00,0.00,0.00,0.00,0.00,0.00,0.00,0.00,0.00,0.00,0.00
296.670135,2018/10/23 16:04,0.00,0.00,0.00,0.00,0.00,0.00,0.00,0.00,0.00,0.00,0.00,0.00,0.00,0.00,0.00,0.00,0.00,0.00,0.00,0.00
296.673615,2018/10/23 16:09,0.00,0.00,0.00,0.00,0.00,0.00,0.00,0.00,0.00,0.00,0.00,0.00,0.00,0.00,0.00,0.00,0.00,0.00,0.00,0.00
296.677094,2018/10/23 16:14,0.00,0.00,0.00,0.00,0.00,0.00,0.00,0.00,0.00,0.00,0.00,0.00,0.00,0.00,0.00,0.00,0.00,0.00,0.00,0.00
296.680542,2018/10/23 16:19,0.00,0.00,0.00,0.00,0.00,0.00,0.00,0.00,0.00,0.00,0.00,0.00,0.00,0.00,0.00,0.00,0.00,0.00,0.00,0.00
296.684021,2018/10/23 16:24,0.00,0.00,0.00,0.00,0.00,0.00,0.00,0.00,0.00,0.00,0.00,0.00,0.00,0.00,0.00,0.00,0.00,0.00,0.00,0.00
296.687500,2018/10/23 16:29,0.00,0.00,0.00,0.00,0.00,0.00,0.00,0.00,0.00,0.00,0.00,0.00,0.00,0.00,0.00,0.00,0.00,0.00,0.00,0.00
296.690979,2018/10/23 16:34,0.00,0.00,0.00,0.00,0.00,0.00,0.00,0.00,0.00,0.00,0.00,0.00,0.00,0.00,0.00,0.00,0.00,0.00,0.00,0.00
296.694458,2018/10/23 16:39,0.00,0.00,0.00,0.00,0.00,0.00,0.00,0.00,0.00,0.00,0.00,0.00,0.00,0.00,0.00,0.00,0.00,0.00,0.00,0.00
296.697906,2018/10/23 16:44,0.00,0.00,0.00,0.00,0.00,0.00,0.00,0.00,0.00,0.00,0.00,0.00,0.00,0.00,0.00,0.00,0.00,0.00,0.00,0.00
296.701385,2018/10/23 16:49,0.00,0.00,0.00,0.00,0.00,0.00,0.00,0.00,0.00,0.00,0.00,0.00,0.00,0.00,0.00,0.00,0.00,0.00,0.00,0.00
296.704865,2018/10/23 16:54,0.00,0.00,0.00,0.00,0.00,0.00,0.00,0.00,0.00,0.00,0.00,0.00,0.00,0.00,0.00,0.00,0.00,0.00,0.00,0.00
296.708344,2018/10/23 16:59,0.00,0.00,0.00,0.00,0.00,0.00,0.00,0.00,0.00,0.00,0.00,0.00,0.00,0.00,0.00,0.00,0.00,0.00,0.00,0.00
296.711792,2018/10/23 17:04,0.00,0.00,0.00,0.00,0.00,0.00,0.00,0.00,0.00,0.00,0.00,0.00,0.00,0.00,0.00,0.00,0.00,0.00,0.00,0.00
296.715271,2018/10/23 17:09,0.00,0.00,0.00,0.00,0.00,0.00,0.00,0.00,0.00,0.00,0.00,0.00,0.00,0.00,0.00,0.00,0.00,0.00,0.00,0.00
296.718750,2018/10/23 17:14,0.00,0.00,0.00,0.00,0.00,0.00,0.00,0.00,0.00,0.00,0.00,0.00,0.00,0.00,0.00,0.00,0.00,0.00,0.00,0.00
296.722229,2018/10/23 17:19,0.00,0.00,0.00,0.00,0.00,0.00,0.00,0.00,0.00,0.00,0.00,0.00,0.00,0.00,0.00,0.00,0.00,0.00,0.00,0.00
296.725708,2018/10/23 17:24,0.00,0.00,0.00,0.00,0.00,0.00,0.00,0.00,0.00,0.00,0.00,0.00,0.00,0.00,0.00,0.00,0.00,0.00,0.00,0.00
296.729156,2018/10/23 17:29,0.00,0.00,0.00,0.00,0.00,0.00,0.00,0.00,0.00,0.00,0.00,0.00,0.00,0.00,0.00,0.00,0.00,0.00,0.00,0.00
296.732635,2018/10/23 17:34,0.00,0.00,0.00,0.00,0.00,0.00,0.00,0.00,0.00,0.00,0.00,0.00,0.00,0.00,0.00,0.00,0.00,0.00,0.00,0.00
296.736115,2018/10/23 17:39,0.00,0.00,0.00,0.00,0.00,0.00,0.00,0.00,0.00,0.00,0.00,0.00,0.00,0.00,0.00,0.00,0.00,0.00,0.00,0.00
296.739594,2018/10/23 17:44,0.00,0.00,0.00,0.00,0.00,0.00,0.00,0.00,0.00,0.00,0.00,0.00,0.00,0.00,0.00,0.00,0.00,0.00,0.00,0.00
296.743042,2018/10/23 17:49,0.00,0.00,0.00,0.00,0.00,0.00,0.00,0.00,0.00,0.00,0.00,0.00,0.00,0.00,0.00,0.00,0.00,0.00,0.00,0.00
296.746521,2018/10/23 17:54,0.00,0.00,0.00,0.00,0.00,0.00,0.00,0.00,0.00,0.00,0.00,0.00,0.00,0.00,0.00,0.00,0.00,0.00,0.00,0.00
296.750000,2018/10/23 17:59,0.00,0.00,0.00,0.00,0.00,0.00,0.00,0.00,0.00,0.00,0.00,0.00,0.00,0.00,0.00,0.00,0.00,0.00,0.00,0.00
296.753479,2018/10/23 18:04,0.00,0.00,0.00,0.00,0.00,0.00,0.00,0.00,0.00,0.00,24.200,0.00,41.680,1.0000,1.0000,0.00,0.00,0.00,0.00,0.00
296.756927,2018/10/23 18:09,25.600,195.00,36.080,0.00,1.0000,25.600,241.00,34.740,0.00,1.0000,24.200,0.00,41.680,1.0000,1.0000,25.300,232.00,34.430,0.00,1.0000
296.760406,2018/10/23 18:14,25.600,195.00,36.080,0.00,1.0000,25.600,241.00,34.740,0.00,1.0000,25.300,248.00,35.260,1.0000,1.0000,25.300,232.00,34.430,0.00,1.0000
296.763885,2018/10/23 18:19,23.000,14.000,36.260,0.00,1.0000,25.500,253.00,33.570,0.00,1.0000,25.500,247.00,33.080,0.00,1.0000,25.400,217.00,33.410,0.00,1.0000
296.767365,2018/10/23 18:24,22.400,7.0000,37.740,0.00,1.0000,25.500,252.00,33.230,0.00,1.0000,26.600,0.00,41.810,0.00,1.0000,26.100,289.00,31.720,0.00,1.0000
296.770844,2018/10/23 18:29,22.200,3.0000,38.180,0.00,1.0000,25.500,252.00,33.130,0.00,1.0000,29.200,13.000,36.330,0.00,1.0000,25.800,287.00,31.480,0.00,1.0000
296.774292,2018/10/23 18:34,21.900,1.0000,38.500,1.0000,1.0000,28.300,1.0000,41.950,0.00,1.0000,27.400,24.000,29.570,0.00,1.0000,25.700,288.00,31.280,0.00,1.0000
296.777771,2018/10/23 18:39,21.700,0.00,38.690,0.00,1.0000,27.200,279.00,32.620,0.00,1.0000,27.100,23.000,29.570,0.00,1.0000,25.600,288.00,31.180,0.00,1.0000
296.781250,2018/10/23 18:44,21.400,0.00,39.520,0.00,1.0000,28.600,0.00,35.630,0.00,1.0000,27.000,23.000,29.440,1.0000,1.0000,25.600,289.00,31.180,0.00,1.0000
296.784729,2018/10/23 18:49,21.200,0.00,39.590,0.00,1.0000,26.300,59.000,30.830,0.00,1.0000,26.800,25.000,29.640,0.00,1.0000,25.500,289.00,31.140,0.00,1.0000
296.788177,2018/10/23 18:54,20.700,0.00,40.170,0.00,1.0000,25.100,59.000,32.140,0.00,1.0000,26.600,25.000,29.570,0.00,1.0000,25.400,290.00,31.170,0.00,1.0000
296.791656,2018/10/23 18:59,20.400,0.00,40.620,0.00,1.0000,24.400,60.000,33.210,0.00,1.0000,26.400,23.000,29.760,0.00,1.0000,25.300,290.00,31.120,0.00,1.0000
296.795135,2018/10/23 19:04,20.000,0.00,40.970,0.00,1.0000,24.000,59.000,33.510,0.00,1.0000,26.200,24.000,29.880,6.0000,1.0000,25.200,291.00,31.070,0.00,1.0000
296.798615,2018/10/23 19:09,19.900,0.00,41.280,0.00,1.0000,23.400,60.000,34.190,0.00,1.0000,26.000,25.000,29.880,0.00,1.0000,25.100,291.00,31.010,0.00,1.0000
296.802094,2018/10/23 19:14,19.800,0.00,41.330,0.00,1.0000,23.100,60.000,34.670,0.00,1.0000,25.700,25.000,29.820,1.0000,1.0000,24.900,291.00,31.010,0.00,1.0000
296.805542,2018/10/23 19:19,19.600,0.00,41.460,0.00,1.0000,22.800,59.000,34.900,0.00,1.0000,25.600,25.000,29.880,5.0000,1.0000,24.800,291.00,31.010,0.00,1.0000
296.809021,2018/10/23 19:24,19.600,0.00,41.580,0.00,1.0000,22.700,60.000,34.990,0.00,1.0000,25.500,24.000,29.880,0.00,1.0000,24.500,292.00,31.170,0.00,1.0000
296.812500,2018/10/23 19:29,19.500,0.00,41.540,0.00,1.0000,22.600,60.000,35.170,0.00,1.0000,25.300,25.000,30.350,0.00,1.0000,24.400,292.00,31.470,0.00,1.0000
296.815979,2018/10/23 19:34,19.100,0.00,42.240,0.00,1.0000,22.300,60.000,35.610,0.00,1.0000,25.100,25.000,30.550,6.0000,1.0000,24.200,292.00,31.530,0.00,1.0000
296.819427,2018/10/23 19:39,19.300,0.00,42.530,1.0000,1.0000,22.400,60.000,35.690,0.00,1.0000,24.900,25.000,30.500,0.00,1.0000,24.100,291.00,31.630,0.00,1.0000
296.822906,2018/10/23 19:44,19.000,0.00,42.610,1.0000,1.0000,22.300,60.000,35.610,0.00,1.0000,24.700,25.000,30.500,0.00,1.0000,24.000,292.00,31.580,0.00,1.0000
296.826385,2018/10/23 19:49,18.900,0.00,42.760,0.00,1.0000,21.900,60.000,35.730,0.00,1.0000,24.500,25.000,30.600,4.0000,1.0000,23.600,292.00,31.630,0.00,1.0000
296.829865,2018/10/23 19:54,18.600,0.00,42.910,0.00,1.0000,22.000,60.000,35.850,0.00,1.0000,24.300,25.000,30.980,0.00,1.0000,23.400,292.00,32.120,0.00,1.0000
296.833344,2018/10/23 19:59,18.100,0.00,44.030,0.00,1.0000,22.400,61.000,35.650,0.00,1.0000,24.300,25.000,31.090,0.00,1.0000,23.500,291.00,31.740,0.00,1.0000
296.836792,2018/10/23 20:04,17.500,0.00,46.430,0.00,1.0000,22.500,60.000,34.990,0.00,1.0000,24.200,25.000,31.260,6.0000,1.0000,23.200,289.00,32.240,0.00,1.0000
296.840271,2018/10/23 20:09,17.000,0.00,47.930,0.00,1.0000,22.400,60.000,35.190,0.00,1.0000,24.000,25.000,31.530,0.00,1.0000,22.900,287.00,32.530,0.00,1.0000
296.843750,2018/10/23 20:14,16.500,0.00,47.760,0.00,1.0000,22.400,60.000,35.230,0.00,1.0000,23.900,25.000,31.630,0.00,1.0000,22.800,286.00,32.820,0.00,1.0000
296.847229,2018/10/23 20:19,17.400,0.00,49.160,0.00,1.0000,22.400,61.000,35.190,0.00,1.0000,23.800,25.000,31.740,1.0000,1.0000,22.500,286.00,32.990,0.00,1.0000
296.850677,2018/10/23 20:24,17.100,0.00,47.530,0.00,1.0000,22.500,61.000,34.810,0.00,1.0000,23.700,25.000,31.740,0.00,1.0000,22.500,285.00,33.160,0.00,1.0000
296.854156,2018/10/23 20:29,17.300,0.00,48.130,0.00,1.0000,22.500,61.000,34.760,0.00,1.0000,23.700,25.000,31.910,0.00,1.0000,22.400,285.00,33.610,0.00,1.0000
296.857635,2018/10/23 20:34,17.600,0.00,46.880,0.00,1.0000,22.400,61.000,35.190,0.00,1.0000,23.600,25.000,31.960,5.0000,1.0000,22.200,285.00,33.790,0.00,1.0000
296.861115,2018/10/23 20:39,16.100,0.00,47.330,0.00,1.0000,22.400,61.000,34.940,0.00,1.0000,23.500,25.000,32.070,0.00,1.0000,22.000,285.00,34.040,0.00,1.0000
296.864594,2018/10/23 20:44,16.200,0.00,50.240,0.00,1.0000,22.100,61.000,34.940,0.00,1.0000,23.400,25.000,32.470,0.00,1.0000,21.800,285.00,34.200,0.00,1.0000
296.868042,2018/10/23 20:49,16.200,0.00,49.880,0.00,1.0000,22.200,0.00,34.940,0.00,1.0000,23.300,24.000,32.470,0.00,1.0000,21.700,283.00,34.200,0.00,1.0000
296.871521,2018/10/23 20:54,16.500,0.00,49.070,0.00,1.0000,22.200,63.000,35.030,0.00,1.0000,23.200,26.000,32.590,0.00,1.0000,21.800,285.00,34.280,0.00,1.0000
296.875000,2018/10/23 20:59,16.700,0.00,48.970,0.00,1.0000,22.300,62.000,34.940,0.00,1.0000,23.200,25.000,32.640,0.00,1.0000,21.900,285.00,34.200,0.00,1.0000
296.878479,2018/10/23 21:04,16.600,0.00,50.190,1.0000,1.0000,22.200,61.000,34.860,0.00,1.0000,23.100,25.000,32.760,4.0000,1.0000,21.900,285.00,34.320,0.00,1.0000
296.881927,2018/10/23 21:09,15.600,0.00,50.600,0.00,1.0000,22.200,60.000,34.780,0.00,1.0000,23.000,26.000,32.820,0.00,1.0000,21.800,285.00,34.200,0.00,1.0000
296.885406,2018/10/23 21:14,15.800,0.00,51.540,0.00,1.0000,22.000,61.000,34.820,0.00,1.0000,23.000,26.000,32.820,0.00,1.0000,21.700,285.00,34.200,0.00,1.0000
296.888885,2018/10/23 21:19,16.700,0.00,49.620,1.0000,1.0000,22.100,61.000,34.940,0.00,1.0000,22.900,26.000,32.820,3.0000,1.0000,21.700,285.00,34.320,0.00,1.0000
296.892365,2018/10/23 21:24,15.800,0.00,50.690,0.00,1.0000,22.000,60.000,34.820,0.00,1.0000,22.800,25.000,32.870,0.00,1.0000,21.600,285.00,34.280,0.00,1.0000
296.895844,2018/10/23 21:29,15.500,0.00,51.850,0.00,1.0000,21.800,60.000,34.900,0.00,1.0000,22.700,25.000,32.930,0.00,1.0000,21.300,285.00,34.840,0.00,1.0000
296.899292,2018/10/23 21:34,15.100,0.00,52.660,1.0000,1.0000,21.600,61.000,34.990,0.00,1.0000,22.500,25.000,32.930,4.0000,1.0000,20.900,286.00,35.260,0.00,1.0000
296.902771,2018/10/23 21:39,15.200,0.00,53.630,0.00,1.0000,21.500,60.000,35.150,0.00,1.0000,22.300,25.000,33.370,0.00,1.0000,20.700,286.00,35.490,0.00,1.0000
296.906250,2018/10/23 21:44,15.000,0.00,55.080,0.00,1.0000,21.500,60.000,35.230,0.00,1.0000,22.300,25.000,33.490,4.0000,1.0000,20.700,287.00,35.680,0.00,1.0000
296.909729,2018/10/23 21:49,15.100,0.00,54.200,0.00,1.0000,21.600,60.000,35.230,0.00,1.0000,22.200,26.000,33.610,3.0000,1.0000,20.800,286.00,35.570,0.00,1.0000
296.913177,2018/10/23 21:54,15.300,0.00,54.160,0.00,1.0000,21.700,61.000,35.070,0.00,1.0000,22.200,25.000,33.790,0.00,1.0000,20.900,286.00,35.640,0.00,1.0000
296.916656,2018/10/23 21:59,15.200,0.00,54.090,1.0000,1.0000,21.500,61.000,35.150,0.00,1.0000,22.100,25.000,33.970,0.00,1.0000,20.600,286.00,35.640,0.00,1.0000
296.920135,2018/10/23 22:04,14.700,0.00,53.810,0.00,1.0000,21.500,61.000,35.230,0.00,1.0000,22.000,25.000,34.040,3.0000,1.0000,20.500,285.00,35.950,0.00,1.0000
296.923615,2018/10/23 22:09,15.300,0.00,55.300,0.00,1.0000,21.400,61.000,35.610,0.00,1.0000,22.000,25.000,34.040,0.00,1.0000,20.400,286.00,36.220,0.00,1.0000
296.927094,2018/10/23 22:14,15.200,0.00,53.310,1.0000,1.0000,21.500,59.000,35.230,0.00,1.0000,21.900,26.000,34.100,0.00,1.0000,20.500,286.00,35.950,0.00,1.0000
296.930542,2018/10/23 22:19,14.600,0.00,54.720,0.00,1.0000,21.500,59.000,35.190,0.00,1.0000,21.800,26.000,34.200,4.0000,1.0000,20.600,286.00,35.760,0.00,1.0000
296.934021,2018/10/23 22:24,14.300,0.00,55.320,0.00,1.0000,21.500,60.000,35.150,0.00,1.0000,21.800,26.000,34.160,0.00,1.0000,20.700,286.00,35.640,0.00,1.0000
296.937500,2018/10/23 22:29,14.200,0.00,56.160,1.0000,1.0000,21.500,0.00,34.990,0.00,1.0000,21.700,0.00,34.200,0.00,1.0000,20.700,0.00,35.530,0.00,1.0000
296.940979,2018/10/23 22:34,14.000,0.00,56.290,0.00,1.0000,21.500,0.00,34.900,0.00,1.0000,21.700,0.00,34.100,3.0000,1.0000,20.600,0.00,35.530,0.00,1.0000
296.944427,2018/10/23 22:39,14.000,0.00,56.650,1.0000,1.0000,21.400,0.00,35.230,0.00,1.0000,21.600,0.00,34.100,0.00,1.0000,20.500,0.00,35.490,0.00,1.0000
296.947906,2018/10/23 22:44,15.100,0.00,54.850,0.00,1.0000,21.400,0.00,35.260,0.00,1.0000,21.500,0.00,34.160,0.00,1.0000,20.500,0.00,35.530,0.00,1.0000
296.951385,2018/10/23 22:49,14.500,0.00,52.910,0.00,1.0000,21.400,0.00,35.230,0.00,1.0000,21.500,0.00,34.100,4.0000,1.0000,20.400,0.00,35.970,0.00,1.0000
296.954865,2018/10/23 22:54,14.200,0.00,55.400,0.00,1.0000,21.300,0.00,35.230,0.00,1.0000,21.500,0.00,34.040,0.00,1.0000,20.300,0.00,35.930,0.00,1.0000
296.958344,2018/10/23 22:59,13.900,0.00,56.210,0.00,1.0000,21.200,0.00,35.230,0.00,1.0000,21.400,0.00,34.580,0.00,1.0000,20.300,0.00,35.970,0.00,1.0000
296.961792,2018/10/23 23:04,14.000,0.00,56.460,0.00,1.0000,21.200,0.00,35.260,0.00,1.0000,21.300,0.00,34.610,2.0000,1.0000,20.200,0.00,36.040,0.00,1.0000
296.965271,2018/10/23 23:09,14.200,0.00,56.320,0.00,1.0000,21.200,0.00,35.260,0.00,1.0000,21.200,0.00,34.610,0.00,1.0000,20.200,0.00,36.040,0.00,1.0000
296.968750,2018/10/23 23:14,14.800,0.00,54.450,0.00,1.0000,21.200,0.00,35.230,0.00,1.0000,21.200,0.00,34.650,0.00,1.0000,20.100,0.00,36.150,0.00,1.0000
296.972229,2018/10/23 23:19,15.200,0.00,52.620,0.00,1.0000,21.100,0.00,35.300,0.00,1.0000,21.100,0.00,34.690,4.0000,1.0000,20.000,0.00,36.290,0.00,1.0000
296.975677,2018/10/23 23:24,15.100,0.00,52.960,0.00,1.0000,21.100,0.00,35.300,0.00,1.0000,21.000,0.00,34.690,0.00,1.0000,19.900,0.00,36.320,0.00,1.0000
296.979156,2018/10/23 23:29,14.200,0.00,54.650,0.00,1.0000,21.000,0.00,35.340,0.00,1.0000,21.000,0.00,34.760,0.00,1.0000,19.800,0.00,36.390,0.00,1.0000
296.982635,2018/10/23 23:34,14.600,0.00,54.970,0.00,1.0000,21.000,0.00,35.300,0.00,1.0000,20.900,0.00,34.880,3.0000,1.0000,19.800,0.00,36.420,0.00,1.0000
296.986115,2018/10/23 23:39,14.700,0.00,53.790,0.00,1.0000,21.000,0.00,35.380,0.00,1.0000,20.900,0.00,34.880,0.00,1.0000,19.800,0.00,36.530,0.00,1.0000
296.989594,2018/10/23 23:44,14.900,0.00,53.310,0.00,1.0000,20.900,0.00,35.340,0.00,1.0000,20.800,0.00,34.920,0.00,1.0000,19.700,0.00,36.530,0.00,1.0000
296.993042,2018/10/23 23:49,15.000,0.00,52.230,0.00,1.0000,20.900,0.00,35.410,0.00,1.0000,20.800,0.00,34.960,4.0000,1.0000,19.600,0.00,36.600,0.00,1.0000
296.996521,2018/10/23 23:54,14.600,0.00,52.720,0.00,1.0000,20.700,0.00,35.490,0.00,1.0000,20.700,0.00,35.070,0.00,1.0000,19.600,0.00,36.700,0.00,1.0000
297.000000,2018/10/24 00:00,14.800,0.00,52.920,1.0000,1.0000,20.600,0.00,35.530,0.00,1.0000,20.600,0.00,35.070,3.0000,1.0000,19.500,0.00,36.810,0.00,1.0000
297.003479,2018/10/24 00:05,14.500,0.00,53.310,0.50000,1.0000,20.550,0.00,35.530,0.00,1.0000,20.550,0.00,35.090,3.0000,1.0000,19.450,0.00,37.030,0.00,1.0000
297.006958,2018/10/24 00:10,14.200,0.00,53.700,0.00,1.0000,20.500,0.00,35.530,0.00,1.0000,20.500,0.00,35.110,3.0000,1.0000,19.400,0.00,37.250,0.00,1.0000
297.010406,2018/10/24 00:15,13.900,0.00,54.150,0.00,1.0000,20.500,0.00,35.530,0.00,1.0000,20.500,0.00,35.150,0.00,1.0000,19.300,0.00,37.290,0.00,1.0000
297.013885,2018/10/24 00:20,13.800,0.00,56.110,0.00,1.0000,20.400,0.00,35.900,0.00,1.0000,20.400,0.00,35.550,2.0000,1.0000,19.200,0.00,37.210,0.00,1.0000
297.017365,2018/10/24 00:25,13.300,0.00,56.470,0.00,1.0000,20.200,0.00,35.930,0.00,1.0000,20.300,0.00,35.550,2.0000,1.0000,19.200,0.00,37.250,0.00,1.0000
297.020844,2018/10/24 00:30,13.100,0.00,57.330,0.00,1.0000,20.200,0.00,35.930,0.00,1.0000,20.200,0.00,35.590,0.00,1.0000,19.000,0.00,37.320,0.00,1.0000
297.024292,2018/10/24 00:35,13.900,0.00,56.620,0.00,1.0000,20.200,0.00,35.930,0.00,1.0000,20.200,0.00,35.590,2.0000,1.0000,19.000,0.00,37.430,0.00,1.0000
297.027771,2018/10/24 00:40,14.100,0.00,54.760,0.00,1.0000,20.200,0.00,35.930,0.00,1.0000,20.100,0.00,35.550,2.0000,1.0000,18.900,0.00,37.510,0.00,1.0000
297.031250,2018/10/24 00:45,13.200,0.00,55.740,0.00,1.0000,20.100,0.00,35.930,0.00,1.0000,20.000,0.00,35.550,0.00,1.0000,18.800,0.00,37.540,0.00,1.0000
297.034729,2018/10/24 00:50,12.900,0.00,57.670,0.00,1.0000,20.100,0.00,35.930,0.00,1.0000,20.000,0.00,35.620,2.0000,1.0000,18.800,0.00,37.510,0.00,1.0000
297.038208,2018/10/24 00:55,13.100,0.00,58.240,0.00,1.0000,20.100,0.00,35.900,0.00,1.0000,19.900,0.00,35.620,2.0000,1.0000,18.700,0.00,37.540,0.00,1.0000
297.041656,2018/10/24 01:00,13.700,0.00,55.930,0.00,1.0000,20.000,0.00,35.930,0.00,1.0000,19.800,0.00,35.620,0.00,1.0000,18.700,0.00,37.690,0.00,1.0000
297.045135,2018/10/24 01:05,12.600,0.00,57.150,1.0000,1.0000,20.000,0.00,35.900,0.00,1.0000,19.800,0.00,35.690,2.0000,1.0000,18.600,0.00,37.650,0.00,1.0000
297.048615,2018/10/24 01:10,12.400,0.00,59.300,0.00,1.0000,19.900,0.00,35.900,0.00,1.0000,19.700,0.00,35.720,3.0000,1.0000,18.500,0.00,37.690,0.00,1.0000
297.052094,2018/10/24 01:15,12.500,0.00,59.530,0.00,1.0000,19.900,0.00,35.900,0.00,1.0000,19.700,0.00,35.720,0.00,1.0000,18.500,0.00,37.760,0.00,1.0000
297.055542,2018/10/24 01:20,12.800,0.00,58.350,0.00,1.0000,19.900,0.00,35.900,0.00,1.0000,19.600,0.00,35.720,1.0000,1.0000,18.400,0.00,38.340,0.00,1.0000
297.059021,2018/10/24 01:25,12.700,0.00,58.540,0.00,1.0000,19.800,0.00,35.900,0.00,1.0000,19.600,0.00,35.760,1.0000,1.0000,18.400,0.00,38.380,0.00,1.0000
297.062500,2018/10/24 01:30,12.700,0.00,57.680,0.00,1.0000,19.800,0.00,35.860,0.00,1.0000,19.600,0.00,35.790,0.00,1.0000,18.300,0.00,38.500,0.00,1.0000
297.065979,2018/10/24 01:35,12.700,0.00,58.440,0.00,1.0000,19.700,0.00,35.900,0.00,1.0000,19.500,0.00,35.830,1.0000,1.0000,18.300,0.00,38.460,0.00,1.0000
297.069458,2018/10/24 01:40,12.500,0.00,57.870,0.00,1.0000,19.700,0.00,35.930,0.00,1.0000,19.500,0.00,35.900,1.0000,1.0000,18.200,0.00,38.540,0.00,1.0000
297.072906,2018/10/24 01:45,12.400,0.00,59.230,0.00,1.0000,19.700,0.00,35.930,0.00,1.0000,19.400,0.00,36.290,0.00,1.0000,18.200,0.00,38.500,0.00,1.0000
297.076385,2018/10/24 01:50,12.500,0.00,58.400,1.0000,1.0000,19.600,0.00,35.970,0.00,1.0000,19.400,0.00,36.290,2.0000,1.0000,18.100,0.00,38.650,0.00,1.0000
297.079865,2018/10/24 01:55,12.500,0.00,58.300,1.0000,1.0000,19.700,0.00,35.900,0.00,1.0000,19.300,0.00,36.290,2.0000,1.0000,18.100,0.00,38.680,0.00,1.0000
297.083344,2018/10/24 02:00,13.300,0.00,57.460,1.0000,1.0000,19.600,0.00,35.970,0.00,1.0000,19.300,0.00,36.290,1.0000,1.0000,18.000,0.00,38.710,0.00,1.0000
297.086792,2018/10/24 02:05,13.800,0.00,55.230,0.00,1.0000,19.600,0.00,36.010,0.00,1.0000,19.300,0.00,36.290,1.0000,1.0000,18.000,0.00,38.800,0.00,1.0000
297.090271,2018/10/24 02:10,13.500,0.00,54.480,0.00,1.0000,19.600,0.00,36.080,0.00,1.0000,19.300,0.00,36.370,1.0000,1.0000,18.000,0.00,38.890,0.00,1.0000
297.093750,2018/10/24 02:15,12.700,0.00,57.730,0.00,1.0000,19.600,0.00,36.040,0.00,1.0000,19.200,0.00,36.400,0.00,1.0000,17.900,0.00,38.950,0.00,1.0000
297.097229,2018/10/24 02:20,12.900,0.00,58.540,0.00,1.0000,19.600,0.00,36.080,0.00,1.0000,19.200,0.00,36.440,1.0000,1.0000,17.900,0.00,39.050,0.00,1.0000
297.100708,2018/10/24 02:25,12.700,0.00,57.600,0.00,1.0000,19.500,0.00,36.220,0.00,1.0000,19.100,0.00,36.550,0.00,1.0000,17.800,0.00,39.170,0.00,1.0000
297.104156,2018/10/24 02:30,13.200,0.00,58.370,0.00,1.0000,19.500,0.00,36.360,0.00,1.0000,19.100,0.00,36.590,0.00,1.0000,17.800,0.00,39.290,0.00,1.0000
297.107635,2018/10/24 02:35,13.500,0.00,56.290,0.00,1.0000,19.500,0.00,36.420,0.00,1.0000,19.100,0.00,36.660,0.00,1.0000,17.800,0.00,39.410,0.00,1.0000
297.111115,2018/10/24 02:40,13.900,0.00,55.650,0.00,1.0000,19.500,0.00,36.460,0.00,1.0000,19.000,0.00,36.770,1.0000,1.0000,17.800,0.00,39.560,0.00,1.0000
297.114594,2018/10/24 02:45,13.900,0.00,54.940,0.00,1.0000,19.400,0.00,37.030,0.00,1.0000,19.000,0.00,36.840,0.00,1.0000,17.800,0.00,39.710,0.00,1.0000
297.118042,2018/10/24 02:50,14.200,0.00,54.600,0.00,1.0000,19.400,0.00,37.100,0.00,1.0000,19.000,0.00,36.950,0.00,1.0000,17.800,0.00,39.900,0.00,1.0000
297.121521,2018/10/24 02:55,14.200,0.00,54.400,1.0000,1.0000,19.400,0.00,37.250,0.00,1.0000,19.000,0.00,37.030,1.0000,1.0000,17.700,0.00,40.010,0.00,1.0000
297.125000,2018/10/24 03:00,14.100,0.00,54.670,1.0000,1.0000,19.400,0.00,37.320,0.00,1.0000,18.900,0.00,37.170,1.0000,1.0000,17.700,0.00,40.200,0.00,1.0000
297.128479,2018/10/24 03:05,14.100,0.00,54.980,0.00,1.0000,19.400,0.00,37.430,0.00,1.0000,18.900,0.00,37.290,1.0000,1.0000,17.700,0.00,40.380,0.00,1.0000
297.131958,2018/10/24 03:10,13.900,0.00,55.790,1.0000,1.0000,19.400,0.00,37.430,0.00,1.0000,18.900,0.00,37.430,1.0000,1.0000,17.700,0.00,40.530,0.00,1.0000
297.135406,2018/10/24 03:15,13.900,0.00,55.700,1.0000,1.0000,19.400,0.00,37.620,0.00,1.0000,18.900,0.00,37.540,0.00,1.0000,17.700,0.00,40.650,0.00,1.0000
297.138885,2018/10/24 03:20,13.500,0.00,57.330,0.00,1.0000,19.400,0.00,37.650,0.00,1.0000,18.900,0.00,37.650,1.0000,1.0000,17.700,0.00,40.750,0.00,1.0000
297.142365,2018/10/24 03:25,14.000,0.00,56.200,0.00,1.0000,19.300,0.00,37.830,0.00,1.0000,18.800,0.00,37.830,0.00,1.0000,17.700,0.00,40.870,0.00,1.0000
297.145844,2018/10/24 03:30,13.900,0.00,56.240,0.00,1.0000,19.300,0.00,38.020,0.00,1.0000,18.800,0.00,37.980,1.0000,1.0000,17.700,0.00,41.040,0.00,1.0000
297.149292,2018/10/24 03:35,13.400,0.00,58.350,0.00,1.0000,19.300,0.00,38.100,0.00,1.0000,18.800,0.00,38.100,1.0000,1.0000,17.700,0.00,41.220,0.00,1.0000
297.152771,2018/10/24 03:40,13.400,0.00,58.580,0.00,1.0000,19.300,0.00,38.270,0.00,1.0000,18.700,0.00,38.270,1.0000,1.0000,17.600,0.00,41.360,0.00,1.0000
297.156250,2018/10/24 03:45,13.700,0.00,58.180,0.00,1.0000,19.200,0.00,38.400,0.00,1.0000,18.700,0.00,38.300,1.0000,1.0000,17.600,0.00,41.520,0.00,1.0000
297.159729,2018/10/24 03:50,13.000,0.00,60.510,0.00,1.0000,19.200,0.00,38.530,0.00,1.0000,18.700,0.00,38.460,0.00,1.0000,17.600,0.00,41.660,0.00,1.0000
297.163208,2018/10/24 03:55,13.000,0.00,60.900,0.00,1.0000,19.200,0.00,38.630,0.00,1.0000,18.700,0.00,38.690,0.00,1.0000,17.500,0.00,41.900,0.00,1.0000
297.166656,2018/10/24 04:00,13.000,0.00,61.390,0.00,1.0000,19.200,0.00,38.760,0.00,1.0000,18.600,0.00,38.920,0.00,1.0000,17.500,0.00,42.190,0.00,1.0000
297.170135,2018/10/24 04:05,13.100,0.00,61.600,0.00,1.0000,19.100,0.00,38.990,0.00,1.0000,18.600,0.00,39.120,0.00,1.0000,17.400,0.00,42.830,0.00,1.0000
297.173615,2018/10/24 04:10,13.000,0.00,60.360,0.00,1.0000,19.100,0.00,39.050,0.00,1.0000,18.600,0.00,39.280,0.00,1.0000,17.300,0.00,43.060,0.00,1.0000
297.177094,2018/10/24 04:15,13.100,0.00,60.310,0.00,1.0000,19.000,0.00,39.120,0.00,1.0000,18.500,0.00,39.510,0.00,1.0000,17.200,0.00,43.120,0.00,1.0000
297.180542,2018/10/24 04:20,12.900,0.00,61.040,0.00,1.0000,19.000,0.00,39.120,0.00,1.0000,18.500,0.00,39.580,0.00,1.0000,17.200,0.00,43.210,0.00,1.0000
297.184021,2018/10/24 04:25,13.100,0.00,61.100,0.00,1.0000,19.000,0.00,39.150,0.00,1.0000,18.500,0.00,39.640,1.0000,1.0000,17.300,0.00,43.250,0.00,1.0000
297.187500,2018/10/24 04:30,12.800,0.00,61.370,1.0000,1.0000,19.000,0.00,39.220,0.00,1.0000,18.400,0.00,40.050,0.00,1.0000,17.200,0.00,43.290,0.00,1.0000
297.190979,2018/10/24 04:35,12.600,0.00,61.700,0.00,1.0000,19.000,0.00,39.280,0.00,1.0000,18.400,0.00,40.140,0.00,1.0000,17.200,0.00,43.440,0.00,1.0000
297.194458,2018/10/24 04:40,12.800,0.00,61.810,0.00,1.0000,19.000,0.00,39.280,0.00,1.0000,18.400,0.00,40.200,0.00,1.0000,17.200,0.00,43.440,0.00,1.0000
297.197906,2018/10/24 04:45,12.600,0.00,62.150,0.00,1.0000,19.000,0.00,39.310,0.00,1.0000,18.400,0.00,40.260,0.00,1.0000,17.200,0.00,43.460,0.00,1.0000
297.201385,2018/10/24 04:50,12.900,0.00,61.560,0.00,1.0000,19.000,0.00,39.380,0.00,1.0000,18.400,0.00,40.290,0.00,1.0000,17.200,0.00,43.530,0.00,1.0000
297.204865,2018/10/24 04:55,12.800,0.00,61.390,0.00,1.0000,19.000,0.00,39.410,0.00,1.0000,18.300,0.00,40.380,0.00,1.0000,17.100,0.00,43.670,0.00,1.0000
297.208344,2018/10/24 05:00,12.700,0.00,61.380,0.00,1.0000,18.900,0.00,39.380,0.00,1.0000,18.300,0.00,40.470,0.00,1.0000,17.100,0.00,43.670,0.00,1.0000
297.211792,2018/10/24 05:05,12.700,0.00,61.720,0.00,1.0000,19.000,0.00,39.410,0.00,1.0000,18.300,0.00,40.470,0.00,1.0000,17.200,0.00,43.630,0.00,1.0000
297.215271,2018/10/24 05:10,12.700,0.00,61.870,0.00,1.0000,19.000,0.00,39.350,0.00,1.0000,18.300,0.00,40.500,0.00,1.0000,17.200,0.00,43.590,0.00,1.0000
297.218750,2018/10/24 05:15,12.800,0.00,61.480,0.00,1.0000,18.900,0.00,39.440,0.00,1.0000,18.300,0.00,40.530,0.00,1.0000,17.200,0.00,43.590,0.00,1.0000
297.222229,2018/10/24 05:20,12.600,0.00,61.640,0.00,1.0000,18.900,0.00,39.410,0.00,1.0000,18.300,0.00,40.560,0.00,1.0000,17.200,0.00,43.540,0.00,1.0000
297.225708,2018/10/24 05:25,12.700,0.00,61.410,0.00,1.0000,19.000,0.00,39.410,0.00,1.0000,18.300,0.00,40.590,1.0000,1.0000,17.200,0.00,43.530,0.00,1.0000
297.229156,2018/10/24 05:30,12.800,0.00,61.310,0.00,1.0000,18.900,0.00,39.480,0.00,1.0000,18.300,0.00,40.610,0.00,1.0000,17.100,0.00,43.590,0.00,1.0000
297.232635,2018/10/24 05:35,12.800,0.00,61.300,1.0000,1.0000,18.900,0.00,39.510,0.00,1.0000,18.200,0.00,40.630,5.0000,1.0000,17.100,0.00,43.650,0.00,1.0000
297.236115,2018/10/24 05:40,12.700,0.00,61.620,0.00,1.0000,18.900,0.00,39.580,0.00,1.0000,18.200,0.00,40.650,0.00,1.0000,17.100,0.00,43.670,0.00,1.0000
297.239594,2018/10/24 05:45,12.800,0.00,61.350,0.00,1.0000,18.900,0.00,39.540,0.00,1.0000,18.300,0.00,40.650,0.00,1.0000,17.100,0.00,43.720,0.00,1.0000
297.243042,2018/10/24 05:50,13.100,0.00,60.260,0.00,1.0000,18.900,0.00,39.480,0.00,1.0000,18.200,0.00,40.650,5.0000,1.0000,17.100,0.00,43.630,0.00,1.0000
297.246521,2018/10/24 05:55,12.900,0.00,60.040,0.00,1.0000,18.800,58.000,39.540,0.00,1.0000,18.200,1.0000,40.690,0.00,1.0000,17.100,71.000,43.530,0.00,1.0000
297.250000,2018/10/24 06:00,13.200,0.00,59.630,1.0000,1.0000,18.900,63.000,39.510,0.00,1.0000,18.200,24.000,40.670,0.00,1.0000,17.100,280.00,43.500,0.00,1.0000
297.253479,2018/10/24 06:05,13.300,0.00,59.000,1.0000,1.0000,19.000,63.000,39.350,0.00,1.0000,18.300,26.000,40.670,7.0000,1.0000,17.300,291.00,43.270,0.00,1.0000
297.256958,2018/10/24 06:10,13.800,0.00,57.220,0.00,1.0000,19.000,61.000,39.670,0.00,1.0000,18.300,27.000,40.650,0.00,1.0000,17.500,292.00,42.690,0.00,1.0000
297.260406,2018/10/24 06:15,13.900,0.00,57.000,0.00,1.0000,19.100,61.000,39.480,0.00,1.0000,18.400,27.000,40.670,0.00,1.0000,17.600,291.00,42.830,0.00,1.0000
297.263885,2018/10/24 06:20,13.800,0.00,56.380,0.00,1.0000,19.100,61.000,39.540,0.00,1.0000,18.400,27.000,40.670,4.0000,1.0000,17.700,290.00,42.870,0.00,1.0000
297.267365,2018/10/24 06:25,13.400,0.00,57.860,0.00,1.0000,19.200,61.000,39.380,0.00,1.0000,18.500,27.000,40.490,0.00,1.0000,17.700,290.00,42.430,0.00,1.0000
297.270844,2018/10/24 06:30,13.300,0.00,58.480,0.00,1.0000,19.200,61.000,39.250,0.00,1.0000,18.500,27.000,40.540,0.00,1.0000,17.700,289.00,42.170,0.00,1.0000
297.274292,2018/10/24 06:34,13.900,0.00,58.430,1.0000,1.0000,19.200,61.000,39.180,0.00,1.0000,18.500,27.000,40.490,3.0000,1.0000,17.800,289.00,41.980,0.00,1.0000
297.277771,2018/10/24 06:39,13.900,0.00,56.380,1.0000,1.0000,19.200,60.000,39.150,0.00,1.0000,18.600,4.0000,40.370,0.00,1.0000,17.900,169.00,41.840,0.00,1.0000
297.281250,2018/10/24 06:44,13.800,0.00,56.540,0.00,1.0000,19.300,0.00,39.050,0.00,1.0000,18.600,0.00,40.230,0.00,1.0000,17.900,0.00,41.740,0.00,1.0000
297.284729,2018/10/24 06:49,13.900,0.00,56.970,0.00,1.0000,19.300,0.00,38.950,0.00,1.0000,18.600,0.00,40.160,3.0000,1.0000,17.900,0.00,41.700,0.00,1.0000
297.288208,2018/10/24 06:54,13.900,0.00,56.470,0.00,1.0000,19.300,0.00,38.990,0.00,1.0000,18.700,0.00,40.070,0.00,1.0000,17.900,0.00,41.740,0.00,1.0000
297.291656,2018/10/24 06:59,13.800,0.00,56.570,0.00,1.0000,19.300,0.00,38.990,0.00,1.0000,18.700,0.00,40.000,0.00,1.0000,17.800,0.00,41.780,0.00,1.0000
297.295135,2018/10/24 07:04,13.800,0.00,56.970,0.00,1.0000,19.300,0.00,38.990,0.00,1.0000,18.700,0.00,39.700,3.0000,1.0000,17.800,0.00,41.760,0.00,1.0000
297.298615,2018/10/24 07:09,13.700,0.00,57.270,0.00,1.0000,19.300,0.00,38.950,0.00,1.0000,18.700,0.00,39.740,0.00,1.0000,17.800,0.00,41.780,0.00,1.0000
297.302094,2018/10/24 07:14,13.800,0.00,57.210,0.00,1.0000,19.200,0.00,38.990,0.00,1.0000,18.700,0.00,40.230,0.00,1.0000,17.800,0.00,41.800,0.00,1.0000
297.305542,2018/10/24 07:19,14.200,0.00,56.490,0.00,1.0000,19.200,0.00,39.050,0.00,1.0000,18.700,0.00,39.930,3.0000,1.0000,17.800,0.00,41.840,0.00,1.0000
297.309021,2018/10/24 07:24,14.400,0.00,56.010,0.00,1.0000,19.300,55.000,39.050,0.00,1.0000,18.700,3.0000,39.870,0.00,1.0000,17.800,129.00,41.920,0.00,1.0000
297.312500,2018/10/24 07:29,14.200,0.00,55.950,0.00,1.0000,19.300,63.000,39.120,0.00,1.0000,18.700,4.0000,39.830,0.00,1.0000,17.800,169.00,41.900,0.00,1.0000
297.315979,2018/10/24 07:34,14.400,0.00,55.590,0.00,1.0000,19.300,62.000,39.150,0.00,1.0000,18.700,4.0000,39.830,4.0000,1.0000,17.900,172.00,41.860,0.00,1.0000
297.319458,2018/10/24 07:39,14.300,0.00,55.510,0.00,1.0000,19.400,61.000,39.150,0.00,1.0000,18.800,4.0000,39.800,2.0000,1.0000,17.900,171.00,41.840,0.00,1.0000
297.322906,2018/10/24 07:44,14.900,0.00,55.230,0.00,1.0000,19.400,61.000,39.220,0.00,1.0000,18.800,4.0000,39.770,0.00,1.0000,18.000,170.00,41.780,0.00,1.0000
297.326385,2018/10/24 07:49,15.700,0.00,52.470,1.0000,1.0000,19.500,60.000,38.770,0.00,1.0000,18.900,4.0000,39.770,3.0000,1.0000,18.100,169.00,41.740,0.00,1.0000
297.329865,2018/10/24 07:54,15.900,0.00,51.280,0.00,1.0000,19.500,61.000,38.630,0.00,1.0000,18.900,18.000,39.930,3.0000,1.0000,18.100,237.00,41.660,0.00,1.0000
297.333344,2018/10/24 07:59,16.300,1.0000,50.190,0.00,1.0000,19.600,61.000,38.530,0.00,1.0000,19.100,27.000,39.970,0.00,1.0000,18.200,294.00,41.480,0.00,1.0000
297.336792,2018/10/24 08:04,16.800,4.0000,48.470,0.00,1.0000,19.600,61.000,38.390,0.00,1.0000,19.400,27.000,39.670,2.0000,1.0000,18.300,293.00,41.320,0.00,1.0000
297.340271,2018/10/24 08:09,16.900,11.000,47.970,0.00,1.0000,19.600,61.000,38.280,0.00,1.0000,19.900,27.000,38.350,3.0000,1.0000,18.500,292.00,40.830,0.00,1.0000
297.343750,2018/10/24 08:14,17.100,18.000,47.230,0.00,1.0000,19.700,61.000,38.240,0.00,1.0000,20.600,27.000,36.940,0.00,1.0000,18.600,291.00,40.700,0.00,1.0000
297.347229,2018/10/24 08:19,17.200,19.000,46.790,1.0000,1.0000,19.700,61.000,38.100,0.00,1.0000,21.300,27.000,35.990,3.0000,1.0000,18.700,291.00,40.600,0.00,1.0000
297.350708,2018/10/24 08:24,17.400,25.000,46.780,0.00,1.0000,19.800,61.000,38.100,0.00,1.0000,21.800,27.000,34.740,0.00,1.0000,18.900,290.00,40.430,0.00,1.0000
297.354156,2018/10/24 08:29,17.600,33.000,46.240,0.00,1.0000,19.800,61.000,38.000,0.00,1.0000,22.100,27.000,34.040,0.00,1.0000,19.000,290.00,40.300,0.00,1.0000
297.357635,2018/10/24 08:34,17.700,43.000,46.120,0.00,1.0000,19.900,61.000,38.000,0.00,1.0000,22.400,27.000,33.790,3.0000,1.0000,19.100,291.00,40.130,0.00,1.0000
297.361115,2018/10/24 08:39,17.900,47.000,45.990,0.00,1.0000,20.100,61.000,38.030,0.00,1.0000,22.900,27.000,32.930,3.0000,1.0000,19.400,291.00,40.000,0.00,1.0000
297.364594,2018/10/24 08:44,17.900,55.000,45.760,0.00,1.0000,20.300,62.000,37.960,0.00,1.0000,23.400,27.000,32.300,0.00,1.0000,19.600,292.00,39.430,0.00,1.0000
297.368042,2018/10/24 08:49,18.100,59.000,45.820,0.00,1.0000,20.400,61.000,37.960,0.00,1.0000,23.600,25.000,31.910,3.0000,1.0000,19.700,292.00,39.330,0.00,1.0000
297.371521,2018/10/24 08:54,18.100,59.000,45.820,0.00,1.0000,20.400,61.000,37.960,0.00,1.0000,23.600,25.000,31.910,3.0000,1.0000,19.700,292.00,39.330,0.00,1.0000
297.375000,2018/10/24 08:59,0.00,0.00,0.00,0.00,0.00,0.00,0.00,0.00,0.00,0.00,0.00,0.00,0.00,0.00,0.00,0.00,0.00,0.00,0.00,0.00
297.378479,2018/10/24 09:04,0.00,0.00,0.00,0.00,0.00,0.00,0.00,0.00,0.00,0.00,0.00,0.00,0.00,0.00,0.00,0.00,0.00,0.00,0.00,0.00
297.381958,2018/10/24 09:09,0.00,0.00,0.00,0.00,0.00,0.00,0.00,0.00,0.00,0.00,0.00,0.00,0.00,0.00,0.00,0.00,0.00,0.00,0.00,0.00
297.385406,2018/10/24 09:14,0.00,0.00,0.00,0.00,0.00,0.00,0.00,0.00,0.00,0.00,0.00,0.00,0.00,0.00,0.00,0.00,0.00,0.00,0.00,0.00
297.388885,2018/10/24 09:19,0.00,0.00,0.00,0.00,0.00,0.00,0.00,0.00,0.00,0.00,0.00,0.00,0.00,0.00,0.00,0.00,0.00,0.00,0.00,0.00
297.392365,2018/10/24 09:24,0.00,0.00,0.00,0.00,0.00,0.00,0.00,0.00,0.00,0.00,0.00,0.00,0.00,0.00,0.00,0.00,0.00,0.00,0.00,0.00
297.395844,2018/10/24 09:29,0.00,0.00,0.00,0.00,0.00,0.00,0.00,0.00,0.00,0.00,0.00,0.00,0.00,0.00,0.00,0.00,0.00,0.00,0.00,0.00
297.399292,2018/10/24 09:34,0.00,0.00,0.00,0.00,0.00,0.00,0.00,0.00,0.00,0.00,0.00,0.00,0.00,0.00,0.00,0.00,0.00,0.00,0.00,0.00
297.402771,2018/10/24 09:39,0.00,0.00,0.00,0.00,0.00,0.00,0.00,0.00,0.00,0.00,0.00,0.00,0.00,0.00,0.00,0.00,0.00,0.00,0.00,0.00
297.406250,2018/10/24 09:44,0.00,0.00,0.00,0.00,0.00,0.00,0.00,0.00,0.00,0.00,0.00,0.00,0.00,0.00,0.00,0.00,0.00,0.00,0.00,0.00
297.409729,2018/10/24 09:49,0.00,0.00,0.00,0.00,0.00,0.00,0.00,0.00,0.00,0.00,0.00,0.00,0.00,0.00,0.00,0.00,0.00,0.00,0.00,0.00
297.413208,2018/10/24 09:54,0.00,0.00,0.00,0.00,0.00,0.00,0.00,0.00,0.00,0.00,0.00,0.00,0.00,0.00,0.00,0.00,0.00,0.00,0.00,0.00
297.416656,2018/10/24 09:59,0.00,0.00,0.00,0.00,0.00,0.00,0.00,0.00,0.00,0.00,0.00,0.00,0.00,0.00,0.00,0.00,0.00,0.00,0.00,0.00
297.420135,2018/10/24 10:04,0.00,0.00,0.00,0.00,0.00,0.00,0.00,0.00,0.00,0.00,0.00,0.00,0.00,0.00,0.00,0.00,0.00,0.00,0.00,0.00
297.423615,2018/10/24 10:09,0.00,0.00,0.00,0.00,0.00,0.00,0.00,0.00,0.00,0.00,0.00,0.00,0.00,0.00,0.00,0.00,0.00,0.00,0.00,0.00
297.427094,2018/10/24 10:14,0.00,0.00,0.00,0.00,0.00,0.00,0.00,0.00,0.00,0.00,0.00,0.00,0.00,0.00,0.00,0.00,0.00,0.00,0.00,0.00
297.430542,2018/10/24 10:19,0.00,0.00,0.00,0.00,0.00,0.00,0.00,0.00,0.00,0.00,0.00,0.00,0.00,0.00,0.00,0.00,0.00,0.00,0.00,0.00
297.434021,2018/10/24 10:24,0.00,0.00,0.00,0.00,0.00,0.00,0.00,0.00,0.00,0.00,0.00,0.00,0.00,0.00,0.00,0.00,0.00,0.00,0.00,0.00
297.437500,2018/10/24 10:29,0.00,0.00,0.00,0.00,0.00,0.00,0.00,0.00,0.00,0.00,0.00,0.00,0.00,0.00,0.00,0.00,0.00,0.00,0.00,0.00
297.440979,2018/10/24 10:34,0.00,0.00,0.00,0.00,0.00,0.00,0.00,0.00,0.00,0.00,0.00,0.00,0.00,0.00,0.00,0.00,0.00,0.00,0.00,0.00
297.444458,2018/10/24 10:39,0.00,0.00,0.00,0.00,0.00,0.00,0.00,0.00,0.00,0.00,0.00,0.00,0.00,0.00,0.00,0.00,0.00,0.00,0.00,0.00
297.447906,2018/10/24 10:44,0.00,0.00,0.00,0.00,0.00,0.00,0.00,0.00,0.00,0.00,0.00,0.00,0.00,0.00,0.00,0.00,0.00,0.00,0.00,0.00
297.451385,2018/10/24 10:49,0.00,0.00,0.00,0.00,0.00,0.00,0.00,0.00,0.00,0.00,0.00,0.00,0.00,0.00,0.00,0.00,0.00,0.00,0.00,0.00
297.454865,2018/10/24 10:54,0.00,0.00,0.00,0.00,0.00,0.00,0.00,0.00,0.00,0.00,0.00,0.00,0.00,0.00,0.00,0.00,0.00,0.00,0.00,0.00
297.458344,2018/10/24 10:59,0.00,0.00,0.00,0.00,0.00,0.00,0.00,0.00,0.00,0.00,0.00,0.00,0.00,0.00,0.00,0.00,0.00,0.00,0.00,0.00
297.461792,2018/10/24 11:04,0.00,0.00,0.00,0.00,0.00,0.00,0.00,0.00,0.00,0.00,0.00,0.00,0.00,0.00,0.00,0.00,0.00,0.00,0.00,0.00
297.465271,2018/10/24 11:09,0.00,0.00,0.00,0.00,0.00,0.00,0.00,0.00,0.00,0.00,0.00,0.00,0.00,0.00,0.00,0.00,0.00,0.00,0.00,0.00
297.468750,2018/10/24 11:14,0.00,0.00,0.00,0.00,0.00,0.00,0.00,0.00,0.00,0.00,0.00,0.00,0.00,0.00,0.00,0.00,0.00,0.00,0.00,0.00
297.472229,2018/10/24 11:19,0.00,0.00,0.00,0.00,0.00,0.00,0.00,0.00,0.00,0.00,0.00,0.00,0.00,0.00,0.00,0.00,0.00,0.00,0.00,0.00
297.475708,2018/10/24 11:24,0.00,0.00,0.00,0.00,0.00,0.00,0.00,0.00,0.00,0.00,0.00,0.00,0.00,0.00,0.00,0.00,0.00,0.00,0.00,0.00
297.479156,2018/10/24 11:29,0.00,0.00,0.00,0.00,0.00,0.00,0.00,0.00,0.00,0.00,0.00,0.00,0.00,0.00,0.00,0.00,0.00,0.00,0.00,0.00
297.482635,2018/10/24 11:34,0.00,0.00,0.00,0.00,0.00,0.00,0.00,0.00,0.00,0.00,0.00,0.00,0.00,0.00,0.00,0.00,0.00,0.00,0.00,0.00
297.486115,2018/10/24 11:39,0.00,0.00,0.00,0.00,0.00,0.00,0.00,0.00,0.00,0.00,0.00,0.00,0.00,0.00,0.00,0.00,0.00,0.00,0.00,0.00
297.489594,2018/10/24 11:44,0.00,0.00,0.00,0.00,0.00,0.00,0.00,0.00,0.00,0.00,0.00,0.00,0.00,0.00,0.00,0.00,0.00,0.00,0.00,0.00
297.493042,2018/10/24 11:49,0.00,0.00,0.00,0.00,0.00,0.00,0.00,0.00,0.00,0.00,0.00,0.00,0.00,0.00,0.00,0.00,0.00,0.00,0.00,0.00
297.496521,2018/10/24 11:54,0.00,0.00,0.00,0.00,0.00,0.00,0.00,0.00,0.00,0.00,0.00,0.00,0.00,0.00,0.00,0.00,0.00,0.00,0.00,0.00
297.500000,2018/10/24 11:59,0.00,0.00,0.00,0.00,0.00,0.00,0.00,0.00,0.00,0.00,0.00,0.00,0.00,0.00,0.00,0.00,0.00,0.00,0.00,0.00
297.503479,2018/10/24 12:04,0.00,0.00,0.00,0.00,0.00,0.00,0.00,0.00,0.00,0.00,0.00,0.00,0.00,0.00,0.00,0.00,0.00,0.00,0.00,0.00
297.506958,2018/10/24 12:09,0.00,0.00,0.00,0.00,0.00,0.00,0.00,0.00,0.00,0.00,0.00,0.00,0.00,0.00,0.00,0.00,0.00,0.00,0.00,0.00
297.510406,2018/10/24 12:14,0.00,0.00,0.00,0.00,0.00,0.00,0.00,0.00,0.00,0.00,0.00,0.00,0.00,0.00,0.00,0.00,0.00,0.00,0.00,0.00
297.513885,2018/10/24 12:19,0.00,0.00,0.00,0.00,0.00,0.00,0.00,0.00,0.00,0.00,0.00,0.00,0.00,0.00,0.00,0.00,0.00,0.00,0.00,0.00
297.517365,2018/10/24 12:24,0.00,0.00,0.00,0.00,0.00,0.00,0.00,0.00,0.00,0.00,0.00,0.00,0.00,0.00,0.00,0.00,0.00,0.00,0.00,0.00
297.520844,2018/10/24 12:29,0.00,0.00,0.00,0.00,0.00,0.00,0.00,0.00,0.00,0.00,0.00,0.00,0.00,0.00,0.00,0.00,0.00,0.00,0.00,0.00
297.524292,2018/10/24 12:34,0.00,0.00,0.00,0.00,0.00,0.00,0.00,0.00,0.00,0.00,0.00,0.00,0.00,0.00,0.00,0.00,0.00,0.00,0.00,0.00
297.527771,2018/10/24 12:39,0.00,0.00,0.00,0.00,0.00,0.00,0.00,0.00,0.00,0.00,0.00,0.00,0.00,0.00,0.00,0.00,0.00,0.00,0.00,0.00
297.531250,2018/10/24 12:44,0.00,0.00,0.00,0.00,0.00,0.00,0.00,0.00,0.00,0.00,0.00,0.00,0.00,0.00,0.00,0.00,0.00,0.00,0.00,0.00
297.534729,2018/10/24 12:49,0.00,0.00,0.00,0.00,0.00,0.00,0.00,0.00,0.00,0.00,0.00,0.00,0.00,0.00,0.00,0.00,0.00,0.00,0.00,0.00
297.538208,2018/10/24 12:54,0.00,0.00,0.00,0.00,0.00,0.00,0.00,0.00,0.00,0.00,0.00,0.00,0.00,0.00,0.00,0.00,0.00,0.00,0.00,0.00
297.541656,2018/10/24 12:59,0.00,0.00,0.00,0.00,0.00,0.00,0.00,0.00,0.00,0.00,0.00,0.00,0.00,0.00,0.00,0.00,0.00,0.00,0.00,0.00
297.545135,2018/10/24 13:04,0.00,0.00,0.00,0.00,0.00,0.00,0.00,0.00,0.00,0.00,0.00,0.00,0.00,0.00,0.00,0.00,0.00,0.00,0.00,0.00
297.548615,2018/10/24 13:09,0.00,0.00,0.00,0.00,0.00,0.00,0.00,0.00,0.00,0.00,0.00,0.00,0.00,0.00,0.00,0.00,0.00,0.00,0.00,0.00
297.552094,2018/10/24 13:14,0.00,0.00,0.00,0.00,0.00,0.00,0.00,0.00,0.00,0.00,0.00,0.00,0.00,0.00,0.00,0.00,0.00,0.00,0.00,0.00
297.555542,2018/10/24 13:19,0.00,0.00,0.00,0.00,0.00,0.00,0.00,0.00,0.00,0.00,0.00,0.00,0.00,0.00,0.00,0.00,0.00,0.00,0.00,0.00
297.559021,2018/10/24 13:24,0.00,0.00,0.00,0.00,0.00,0.00,0.00,0.00,0.00,0.00,0.00,0.00,0.00,0.00,0.00,0.00,0.00,0.00,0.00,0.00
297.562500,2018/10/24 13:29,0.00,0.00,0.00,0.00,0.00,0.00,0.00,0.00,0.00,0.00,0.00,0.00,0.00,0.00,0.00,0.00,0.00,0.00,0.00,0.00
297.565979,2018/10/24 13:34,0.00,0.00,0.00,0.00,0.00,0.00,0.00,0.00,0.00,0.00,0.00,0.00,0.00,0.00,0.00,0.00,0.00,0.00,0.00,0.00
297.569458,2018/10/24 13:39,0.00,0.00,0.00,0.00,0.00,0.00,0.00,0.00,0.00,0.00,0.00,0.00,0.00,0.00,0.00,0.00,0.00,0.00,0.00,0.00
297.572906,2018/10/24 13:44,0.00,0.00,0.00,0.00,0.00,0.00,0.00,0.00,0.00,0.00,0.00,0.00,0.00,0.00,0.00,0.00,0.00,0.00,0.00,0.00
297.576385,2018/10/24 13:49,0.00,0.00,0.00,0.00,0.00,0.00,0.00,0.00,0.00,0.00,0.00,0.00,0.00,0.00,0.00,0.00,0.00,0.00,0.00,0.00
297.579865,2018/10/24 13:54,0.00,0.00,0.00,0.00,0.00,0.00,0.00,0.00,0.00,0.00,0.00,0.00,0.00,0.00,0.00,0.00,0.00,0.00,0.00,0.00
297.583344,2018/10/24 13:59,0.00,0.00,0.00,0.00,0.00,0.00,0.00,0.00,0.00,0.00,0.00,0.00,0.00,0.00,0.00,0.00,0.00,0.00,0.00,0.00
297.586792,2018/10/24 14:04,0.00,0.00,0.00,0.00,0.00,0.00,0.00,0.00,0.00,0.00,0.00,0.00,0.00,0.00,0.00,0.00,0.00,0.00,0.00,0.00
297.590271,2018/10/24 14:09,0.00,0.00,0.00,0.00,0.00,0.00,0.00,0.00,0.00,0.00,0.00,0.00,0.00,0.00,0.00,0.00,0.00,0.00,0.00,0.00
297.593750,2018/10/24 14:14,0.00,0.00,0.00,0.00,0.00,0.00,0.00,0.00,0.00,0.00,0.00,0.00,0.00,0.00,0.00,0.00,0.00,0.00,0.00,0.00
297.597229,2018/10/24 14:19,0.00,0.00,0.00,0.00,0.00,0.00,0.00,0.00,0.00,0.00,0.00,0.00,0.00,0.00,0.00,0.00,0.00,0.00,0.00,0.00
297.600708,2018/10/24 14:24,0.00,0.00,0.00,0.00,0.00,0.00,0.00,0.00,0.00,0.00,0.00,0.00,0.00,0.00,0.00,0.00,0.00,0.00,0.00,0.00
297.604156,2018/10/24 14:29,0.00,0.00,0.00,0.00,0.00,0.00,0.00,0.00,0.00,0.00,0.00,0.00,0.00,0.00,0.00,0.00,0.00,0.00,0.00,0.00
297.607635,2018/10/24 14:34,0.00,0.00,0.00,0.00,0.00,0.00,0.00,0.00,0.00,0.00,0.00,0.00,0.00,0.00,0.00,0.00,0.00,0.00,0.00,0.00
297.611115,2018/10/24 14:39,0.00,0.00,0.00,0.00,0.00,0.00,0.00,0.00,0.00,0.00,0.00,0.00,0.00,0.00,0.00,0.00,0.00,0.00,0.00,0.00
297.614594,2018/10/24 14:44,0.00,0.00,0.00,0.00,0.00,0.00,0.00,0.00,0.00,0.00,0.00,0.00,0.00,0.00,0.00,0.00,0.00,0.00,0.00,0.00
297.618042,2018/10/24 14:49,0.00,0.00,0.00,0.00,0.00,0.00,0.00,0.00,0.00,0.00,0.00,0.00,0.00,0.00,0.00,0.00,0.00,0.00,0.00,0.00
297.621521,2018/10/24 14:54,0.00,0.00,0.00,0.00,0.00,0.00,0.00,0.00,0.00,0.00,0.00,0.00,0.00,0.00,0.00,0.00,0.00,0.00,0.00,0.00
297.625000,2018/10/24 14:59,0.00,0.00,0.00,0.00,0.00,0.00,0.00,0.00,0.00,0.00,0.00,0.00,0.00,0.00,0.00,0.00,0.00,0.00,0.00,0.00
297.628479,2018/10/24 15:04,0.00,0.00,0.00,0.00,0.00,0.00,0.00,0.00,0.00,0.00,0.00,0.00,0.00,0.00,0.00,0.00,0.00,0.00,0.00,0.00
297.631958,2018/10/24 15:09,0.00,0.00,0.00,0.00,0.00,0.00,0.00,0.00,0.00,0.00,0.00,0.00,0.00,0.00,0.00,0.00,0.00,0.00,0.00,0.00
297.635406,2018/10/24 15:14,0.00,0.00,0.00,0.00,0.00,0.00,0.00,0.00,0.00,0.00,0.00,0.00,0.00,0.00,0.00,0.00,0.00,0.00,0.00,0.00
297.638885,2018/10/24 15:19,0.00,0.00,0.00,0.00,0.00,0.00,0.00,0.00,0.00,0.00,0.00,0.00,0.00,0.00,0.00,0.00,0.00,0.00,0.00,0.00
297.642365,2018/10/24 15:24,0.00,0.00,0.00,0.00,0.00,0.00,0.00,0.00,0.00,0.00,0.00,0.00,0.00,0.00,0.00,0.00,0.00,0.00,0.00,0.00
297.645844,2018/10/24 15:29,0.00,0.00,0.00,0.00,0.00,0.00,0.00,0.00,0.00,0.00,0.00,0.00,0.00,0.00,0.00,0.00,0.00,0.00,0.00,0.00
297.649292,2018/10/24 15:34,0.00,0.00,0.00,0.00,0.00,0.00,0.00,0.00,0.00,0.00,0.00,0.00,0.00,0.00,0.00,0.00,0.00,0.00,0.00,0.00
297.652771,2018/10/24 15:39,0.00,0.00,0.00,0.00,0.00,0.00,0.00,0.00,0.00,0.00,0.00,0.00,0.00,0.00,0.00,0.00,0.00,0.00,0.00,0.00
297.656250,2018/10/24 15:44,0.00,0.00,0.00,0.00,0.00,0.00,0.00,0.00,0.00,0.00,0.00,0.00,0.00,0.00,0.00,0.00,0.00,0.00,0.00,0.00
297.659729,2018/10/24 15:49,0.00,0.00,0.00,0.00,0.00,0.00,0.00,0.00,0.00,0.00,0.00,0.00,0.00,0.00,0.00,0.00,0.00,0.00,0.00,0.00
297.663208,2018/10/24 15:54,0.00,0.00,0.00,0.00,0.00,0.00,0.00,0.00,0.00,0.00,0.00,0.00,0.00,0.00,0.00,0.00,0.00,0.00,0.00,0.00
297.666656,2018/10/24 15:59,0.00,0.00,0.00,0.00,0.00,0.00,0.00,0.00,0.00,0.00,0.00,0.00,0.00,0.00,0.00,0.00,0.00,0.00,0.00,0.00
297.670135,2018/10/24 16:04,0.00,0.00,0.00,0.00,0.00,0.00,0.00,0.00,0.00,0.00,0.00,0.00,0.00,0.00,0.00,0.00,0.00,0.00,0.00,0.00
297.673615,2018/10/24 16:09,0.00,0.00,0.00,0.00,0.00,0.00,0.00,0.00,0.00,0.00,0.00,0.00,0.00,0.00,0.00,0.00,0.00,0.00,0.00,0.00
297.677094,2018/10/24 16:14,0.00,0.00,0.00,0.00,0.00,0.00,0.00,0.00,0.00,0.00,0.00,0.00,0.00,0.00,0.00,0.00,0.00,0.00,0.00,0.00
297.680542,2018/10/24 16:19,0.00,0.00,0.00,0.00,0.00,0.00,0.00,0.00,0.00,0.00,0.00,0.00,0.00,0.00,0.00,0.00,0.00,0.00,0.00,0.00
297.684021,2018/10/24 16:24,0.00,0.00,0.00,0.00,0.00,0.00,0.00,0.00,0.00,0.00,0.00,0.00,0.00,0.00,0.00,0.00,0.00,0.00,0.00,0.00
297.687500,2018/10/24 16:29,0.00,0.00,0.00,0.00,0.00,0.00,0.00,0.00,0.00,0.00,0.00,0.00,0.00,0.00,0.00,0.00,0.00,0.00,0.00,0.00
297.690979,2018/10/24 16:34,0.00,0.00,0.00,0.00,0.00,0.00,0.00,0.00,0.00,0.00,0.00,0.00,0.00,0.00,0.00,0.00,0.00,0.00,0.00,0.00
297.694458,2018/10/24 16:39,0.00,0.00,0.00,0.00,0.00,0.00,0.00,0.00,0.00,0.00,0.00,0.00,0.00,0.00,0.00,0.00,0.00,0.00,0.00,0.00
297.697906,2018/10/24 16:44,0.00,0.00,0.00,0.00,0.00,0.00,0.00,0.00,0.00,0.00,0.00,0.00,0.00,0.00,0.00,0.00,0.00,0.00,0.00,0.00
297.701385,2018/10/24 16:49,0.00,0.00,0.00,0.00,0.00,0.00,0.00,0.00,0.00,0.00,0.00,0.00,0.00,0.00,0.00,0.00,0.00,0.00,0.00,0.00
297.704865,2018/10/24 16:54,0.00,0.00,0.00,0.00,0.00,0.00,0.00,0.00,0.00,0.00,0.00,0.00,0.00,0.00,0.00,0.00,0.00,0.00,0.00,0.00
297.708344,2018/10/24 16:59,0.00,0.00,0.00,0.00,0.00,0.00,0.00,0.00,0.00,0.00,0.00,0.00,0.00,0.00,0.00,0.00,0.00,0.00,0.00,0.00
297.711792,2018/10/24 17:04,0.00,0.00,0.00,0.00,0.00,0.00,0.00,0.00,0.00,0.00,0.00,0.00,0.00,0.00,0.00,0.00,0.00,0.00,0.00,0.00
297.715271,2018/10/24 17:09,0.00,0.00,0.00,0.00,0.00,0.00,0.00,0.00,0.00,0.00,0.00,0.00,0.00,0.00,0.00,0.00,0.00,0.00,0.00,0.00
297.718750,2018/10/24 17:14,0.00,0.00,0.00,0.00,0.00,0.00,0.00,0.00,0.00,0.00,0.00,0.00,0.00,0.00,0.00,0.00,0.00,0.00,0.00,0.00
297.722229,2018/10/24 17:19,0.00,0.00,0.00,0.00,0.00,0.00,0.00,0.00,0.00,0.00,0.00,0.00,0.00,0.00,0.00,0.00,0.00,0.00,0.00,0.00
297.725708,2018/10/24 17:24,0.00,0.00,0.00,0.00,0.00,0.00,0.00,0.00,0.00,0.00,0.00,0.00,0.00,0.00,0.00,0.00,0.00,0.00,0.00,0.00
297.729156,2018/10/24 17:29,0.00,0.00,0.00,0.00,0.00,0.00,0.00,0.00,0.00,0.00,0.00,0.00,0.00,0.00,0.00,0.00,0.00,0.00,0.00,0.00
297.732635,2018/10/24 17:34,0.00,0.00,0.00,0.00,0.00,0.00,0.00,0.00,0.00,0.00,0.00,0.00,0.00,0.00,0.00,0.00,0.00,0.00,0.00,0.00
297.736115,2018/10/24 17:39,0.00,0.00,0.00,0.00,0.00,0.00,0.00,0.00,0.00,0.00,0.00,0.00,0.00,0.00,0.00,0.00,0.00,0.00,0.00,0.00
297.739594,2018/10/24 17:44,0.00,0.00,0.00,0.00,0.00,0.00,0.00,0.00,0.00,0.00,0.00,0.00,0.00,0.00,0.00,0.00,0.00,0.00,0.00,0.00
297.743042,2018/10/24 17:49,0.00,0.00,0.00,0.00,0.00,0.00,0.00,0.00,0.00,0.00,0.00,0.00,0.00,0.00,0.00,0.00,0.00,0.00,0.00,0.00
297.746521,2018/10/24 17:54,0.00,0.00,0.00,0.00,0.00,0.00,0.00,0.00,0.00,0.00,0.00,0.00,0.00,0.00,0.00,0.00,0.00,0.00,0.00,0.00
297.750000,2018/10/24 17:59,0.00,0.00,0.00,0.00,0.00,0.00,0.00,0.00,0.00,0.00,0.00,0.00,0.00,0.00,0.00,0.00,0.00,0.00,0.00,0.00
297.753479,2018/10/24 18:04,0.00,0.00,0.00,0.00,0.00,0.00,0.00,0.00,0.00,0.00,0.00,0.00,0.00,0.00,0.00,0.00,0.00,0.00,0.00,0.00
297.756927,2018/10/24 18:09,0.00,0.00,0.00,0.00,0.00,0.00,0.00,0.00,0.00,0.00,0.00,0.00,0.00,0.00,0.00,0.00,0.00,0.00,0.00,0.00
297.760406,2018/10/24 18:14,0.00,0.00,0.00,0.00,0.00,0.00,0.00,0.00,0.00,0.00,0.00,0.00,0.00,0.00,0.00,0.00,0.00,0.00,0.00,0.00
297.763885,2018/10/24 18:19,0.00,0.00,0.00,0.00,0.00,0.00,0.00,0.00,0.00,0.00,0.00,0.00,0.00,0.00,0.00,0.00,0.00,0.00,0.00,0.00
297.767365,2018/10/24 18:24,0.00,0.00,0.00,0.00,0.00,0.00,0.00,0.00,0.00,0.00,0.00,0.00,0.00,0.00,0.00,0.00,0.00,0.00,0.00,0.00
297.770844,2018/10/24 18:29,0.00,0.00,0.00,0.00,0.00,0.00,0.00,0.00,0.00,0.00,0.00,0.00,0.00,0.00,0.00,0.00,0.00,0.00,0.00,0.00
297.774292,2018/10/24 18:34,0.00,0.00,0.00,0.00,0.00,0.00,0.00,0.00,0.00,0.00,0.00,0.00,0.00,0.00,0.00,0.00,0.00,0.00,0.00,0.00
297.777771,2018/10/24 18:39,0.00,0.00,0.00,0.00,0.00,0.00,0.00,0.00,0.00,0.00,0.00,0.00,0.00,0.00,0.00,0.00,0.00,0.00,0.00,0.00
297.781250,2018/10/24 18:44,0.00,0.00,0.00,0.00,0.00,0.00,0.00,0.00,0.00,0.00,0.00,0.00,0.00,0.00,0.00,0.00,0.00,0.00,0.00,0.00
297.784729,2018/10/24 18:49,0.00,0.00,0.00,0.00,0.00,0.00,0.00,0.00,0.00,0.00,0.00,0.00,0.00,0.00,0.00,0.00,0.00,0.00,0.00,0.00
297.788177,2018/10/24 18:54,0.00,0.00,0.00,0.00,0.00,0.00,0.00,0.00,0.00,0.00,0.00,0.00,0.00,0.00,0.00,0.00,0.00,0.00,0.00,0.00
297.791656,2018/10/24 18:59,0.00,0.00,0.00,0.00,0.00,0.00,0.00,0.00,0.00,0.00,0.00,0.00,0.00,0.00,0.00,0.00,0.00,0.00,0.00,0.00
297.795135,2018/10/24 19:04,0.00,0.00,0.00,0.00,0.00,0.00,0.00,0.00,0.00,0.00,0.00,0.00,0.00,0.00,0.00,0.00,0.00,0.00,0.00,0.00
297.798615,2018/10/24 19:09,0.00,0.00,0.00,0.00,0.00,0.00,0.00,0.00,0.00,0.00,0.00,0.00,0.00,0.00,0.00,0.00,0.00,0.00,0.00,0.00
297.802094,2018/10/24 19:14,0.00,0.00,0.00,0.00,0.00,0.00,0.00,0.00,0.00,0.00,0.00,0.00,0.00,0.00,0.00,0.00,0.00,0.00,0.00,0.00
297.805542,2018/10/24 19:19,0.00,0.00,0.00,0.00,0.00,0.00,0.00,0.00,0.00,0.00,0.00,0.00,0.00,0.00,0.00,0.00,0.00,0.00,0.00,0.00
297.809021,2018/10/24 19:24,0.00,0.00,0.00,0.00,0.00,0.00,0.00,0.00,0.00,0.00,0.00,0.00,0.00,0.00,0.00,0.00,0.00,0.00,0.00,0.00
297.812500,2018/10/24 19:29,0.00,0.00,0.00,0.00,0.00,0.00,0.00,0.00,0.00,0.00,0.00,0.00,0.00,0.00,0.00,0.00,0.00,0.00,0.00,0.00
297.815979,2018/10/24 19:34,0.00,0.00,0.00,0.00,0.00,0.00,0.00,0.00,0.00,0.00,0.00,0.00,0.00,0.00,0.00,0.00,0.00,0.00,0.00,0.00
297.819427,2018/10/24 19:39,0.00,0.00,0.00,0.00,0.00,0.00,0.00,0.00,0.00,0.00,0.00,0.00,0.00,0.00,0.00,0.00,0.00,0.00,0.00,0.00
297.822906,2018/10/24 19:44,0.00,0.00,0.00,0.00,0.00,0.00,0.00,0.00,0.00,0.00,0.00,0.00,0.00,0.00,0.00,0.00,0.00,0.00,0.00,0.00
297.826385,2018/10/24 19:49,0.00,0.00,0.00,0.00,0.00,0.00,0.00,0.00,0.00,0.00,0.00,0.00,0.00,0.00,0.00,0.00,0.00,0.00,0.00,0.00
297.829865,2018/10/24 19:54,0.00,0.00,0.00,0.00,0.00,0.00,0.00,0.00,0.00,0.00,0.00,0.00,0.00,0.00,0.00,0.00,0.00,0.00,0.00,0.00
297.833344,2018/10/24 19:59,0.00,0.00,0.00,0.00,0.00,0.00,0.00,0.00,0.00,0.00,0.00,0.00,0.00,0.00,0.00,0.00,0.00,0.00,0.00,0.00
297.836792,2018/10/24 20:04,0.00,0.00,0.00,0.00,0.00,0.00,0.00,0.00,0.00,0.00,0.00,0.00,0.00,0.00,0.00,0.00,0.00,0.00,0.00,0.00
297.840271,2018/10/24 20:09,0.00,0.00,0.00,0.00,0.00,0.00,0.00,0.00,0.00,0.00,0.00,0.00,0.00,0.00,0.00,0.00,0.00,0.00,0.00,0.00
297.843750,2018/10/24 20:14,0.00,0.00,0.00,0.00,0.00,0.00,0.00,0.00,0.00,0.00,0.00,0.00,0.00,0.00,0.00,0.00,0.00,0.00,0.00,0.00
297.847229,2018/10/24 20:19,0.00,0.00,0.00,0.00,0.00,0.00,0.00,0.00,0.00,0.00,0.00,0.00,0.00,0.00,0.00,0.00,0.00,0.00,0.00,0.00
297.850677,2018/10/24 20:24,0.00,0.00,0.00,0.00,0.00,0.00,0.00,0.00,0.00,0.00,0.00,0.00,0.00,0.00,0.00,0.00,0.00,0.00,0.00,0.00
297.854156,2018/10/24 20:29,0.00,0.00,0.00,0.00,0.00,0.00,0.00,0.00,0.00,0.00,0.00,0.00,0.00,0.00,0.00,0.00,0.00,0.00,0.00,0.00
297.857635,2018/10/24 20:34,0.00,0.00,0.00,0.00,0.00,0.00,0.00,0.00,0.00,0.00,0.00,0.00,0.00,0.00,0.00,0.00,0.00,0.00,0.00,0.00
297.861115,2018/10/24 20:39,0.00,0.00,0.00,0.00,0.00,0.00,0.00,0.00,0.00,0.00,0.00,0.00,0.00,0.00,0.00,0.00,0.00,0.00,0.00,0.00
297.864594,2018/10/24 20:44,0.00,0.00,0.00,0.00,0.00,0.00,0.00,0.00,0.00,0.00,0.00,0.00,0.00,0.00,0.00,0.00,0.00,0.00,0.00,0.00
297.868042,2018/10/24 20:49,0.00,0.00,0.00,0.00,0.00,0.00,0.00,0.00,0.00,0.00,0.00,0.00,0.00,0.00,0.00,0.00,0.00,0.00,0.00,0.00
297.871521,2018/10/24 20:54,0.00,0.00,0.00,0.00,0.00,0.00,0.00,0.00,0.00,0.00,0.00,0.00,0.00,0.00,0.00,0.00,0.00,0.00,0.00,0.00
297.875000,2018/10/24 20:59,0.00,0.00,0.00,0.00,0.00,0.00,0.00,0.00,0.00,0.00,0.00,0.00,0.00,0.00,0.00,0.00,0.00,0.00,0.00,0.00
297.878479,2018/10/24 21:04,0.00,0.00,0.00,0.00,0.00,0.00,0.00,0.00,0.00,0.00,0.00,0.00,0.00,0.00,0.00,0.00,0.00,0.00,0.00,0.00
297.881927,2018/10/24 21:09,0.00,0.00,0.00,0.00,0.00,0.00,0.00,0.00,0.00,0.00,0.00,0.00,0.00,0.00,0.00,0.00,0.00,0.00,0.00,0.00
297.885406,2018/10/24 21:14,0.00,0.00,0.00,0.00,0.00,0.00,0.00,0.00,0.00,0.00,0.00,0.00,0.00,0.00,0.00,0.00,0.00,0.00,0.00,0.00
297.888885,2018/10/24 21:19,0.00,0.00,0.00,0.00,0.00,0.00,0.00,0.00,0.00,0.00,0.00,0.00,0.00,0.00,0.00,0.00,0.00,0.00,0.00,0.00
297.892365,2018/10/24 21:24,0.00,0.00,0.00,0.00,0.00,0.00,0.00,0.00,0.00,0.00,0.00,0.00,0.00,0.00,0.00,0.00,0.00,0.00,0.00,0.00
297.895844,2018/10/24 21:29,0.00,0.00,0.00,0.00,0.00,0.00,0.00,0.00,0.00,0.00,0.00,0.00,0.00,0.00,0.00,0.00,0.00,0.00,0.00,0.00
297.899292,2018/10/24 21:34,0.00,0.00,0.00,0.00,0.00,0.00,0.00,0.00,0.00,0.00,0.00,0.00,0.00,0.00,0.00,0.00,0.00,0.00,0.00,0.00
297.902771,2018/10/24 21:39,0.00,0.00,0.00,0.00,0.00,0.00,0.00,0.00,0.00,0.00,0.00,0.00,0.00,0.00,0.00,0.00,0.00,0.00,0.00,0.00
297.906250,2018/10/24 21:44,0.00,0.00,0.00,0.00,0.00,0.00,0.00,0.00,0.00,0.00,0.00,0.00,0.00,0.00,0.00,0.00,0.00,0.00,0.00,0.00
297.909729,2018/10/24 21:49,0.00,0.00,0.00,0.00,0.00,0.00,0.00,0.00,0.00,0.00,0.00,0.00,0.00,0.00,0.00,0.00,0.00,0.00,0.00,0.00
297.913177,2018/10/24 21:54,0.00,0.00,0.00,0.00,0.00,0.00,0.00,0.00,0.00,0.00,0.00,0.00,0.00,0.00,0.00,0.00,0.00,0.00,0.00,0.00
297.916656,2018/10/24 21:59,0.00,0.00,0.00,0.00,0.00,0.00,0.00,0.00,0.00,0.00,0.00,0.00,0.00,0.00,0.00,0.00,0.00,0.00,0.00,0.00
297.920135,2018/10/24 22:04,0.00,0.00,0.00,0.00,0.00,0.00,0.00,0.00,0.00,0.00,0.00,0.00,0.00,0.00,0.00,0.00,0.00,0.00,0.00,0.00
297.923615,2018/10/24 22:09,0.00,0.00,0.00,0.00,0.00,0.00,0.00,0.00,0.00,0.00,0.00,0.00,0.00,0.00,0.00,0.00,0.00,0.00,0.00,0.00
297.927094,2018/10/24 22:14,0.00,0.00,0.00,0.00,0.00,0.00,0.00,0.00,0.00,0.00,0.00,0.00,0.00,0.00,0.00,0.00,0.00,0.00,0.00,0.00
297.930542,2018/10/24 22:19,0.00,0.00,0.00,0.00,0.00,0.00,0.00,0.00,0.00,0.00,0.00,0.00,0.00,0.00,0.00,0.00,0.00,0.00,0.00,0.00
297.934021,2018/10/24 22:24,0.00,0.00,0.00,0.00,0.00,0.00,0.00,0.00,0.00,0.00,0.00,0.00,0.00,0.00,0.00,0.00,0.00,0.00,0.00,0.00
297.937500,2018/10/24 22:29,0.00,0.00,0.00,0.00,0.00,0.00,0.00,0.00,0.00,0.00,0.00,0.00,0.00,0.00,0.00,0.00,0.00,0.00,0.00,0.00
297.940979,2018/10/24 22:34,0.00,0.00,0.00,0.00,0.00,0.00,0.00,0.00,0.00,0.00,0.00,0.00,0.00,0.00,0.00,0.00,0.00,0.00,0.00,0.00
297.944427,2018/10/24 22:39,0.00,0.00,0.00,0.00,0.00,0.00,0.00,0.00,0.00,0.00,0.00,0.00,0.00,0.00,0.00,0.00,0.00,0.00,0.00,0.00
297.947906,2018/10/24 22:44,0.00,0.00,0.00,0.00,0.00,0.00,0.00,0.00,0.00,0.00,0.00,0.00,0.00,0.00,0.00,0.00,0.00,0.00,0.00,0.00
297.951385,2018/10/24 22:49,0.00,0.00,0.00,0.00,0.00,0.00,0.00,0.00,0.00,0.00,0.00,0.00,0.00,0.00,0.00,0.00,0.00,0.00,0.00,0.00
297.954865,2018/10/24 22:54,0.00,0.00,0.00,0.00,0.00,0.00,0.00,0.00,0.00,0.00,0.00,0.00,0.00,0.00,0.00,0.00,0.00,0.00,0.00,0.00
297.958344,2018/10/24 22:59,0.00,0.00,0.00,0.00,0.00,0.00,0.00,0.00,0.00,0.00,0.00,0.00,0.00,0.00,0.00,0.00,0.00,0.00,0.00,0.00
297.961792,2018/10/24 23:04,0.00,0.00,0.00,0.00,0.00,0.00,0.00,0.00,0.00,0.00,0.00,0.00,0.00,0.00,0.00,0.00,0.00,0.00,0.00,0.00
297.965271,2018/10/24 23:09,0.00,0.00,0.00,0.00,0.00,0.00,0.00,0.00,0.00,0.00,0.00,0.00,0.00,0.00,0.00,0.00,0.00,0.00,0.00,0.00
297.968750,2018/10/24 23:14,0.00,0.00,0.00,0.00,0.00,0.00,0.00,0.00,0.00,0.00,0.00,0.00,0.00,0.00,0.00,0.00,0.00,0.00,0.00,0.00
297.972229,2018/10/24 23:19,0.00,0.00,0.00,0.00,0.00,0.00,0.00,0.00,0.00,0.00,0.00,0.00,0.00,0.00,0.00,0.00,0.00,0.00,0.00,0.00
297.975677,2018/10/24 23:24,0.00,0.00,0.00,0.00,0.00,0.00,0.00,0.00,0.00,0.00,0.00,0.00,0.00,0.00,0.00,0.00,0.00,0.00,0.00,0.00
297.979156,2018/10/24 23:29,0.00,0.00,0.00,0.00,0.00,0.00,0.00,0.00,0.00,0.00,0.00,0.00,0.00,0.00,0.00,0.00,0.00,0.00,0.00,0.00
297.982635,2018/10/24 23:34,0.00,0.00,0.00,0.00,0.00,0.00,0.00,0.00,0.00,0.00,0.00,0.00,0.00,0.00,0.00,0.00,0.00,0.00,0.00,0.00
297.986115,2018/10/24 23:39,0.00,0.00,0.00,0.00,0.00,0.00,0.00,0.00,0.00,0.00,0.00,0.00,0.00,0.00,0.00,0.00,0.00,0.00,0.00,0.00
297.989594,2018/10/24 23:44,0.00,0.00,0.00,0.00,0.00,0.00,0.00,0.00,0.00,0.00,0.00,0.00,0.00,0.00,0.00,0.00,0.00,0.00,0.00,0.00
297.993042,2018/10/24 23:49,0.00,0.00,0.00,0.00,0.00,0.00,0.00,0.00,0.00,0.00,0.00,0.00,0.00,0.00,0.00,0.00,0.00,0.00,0.00,0.00
297.996521,2018/10/24 23:54,0.00,0.00,0.00,0.00,0.00,0.00,0.00,0.00,0.00,0.00,0.00,0.00,0.00,0.00,0.00,0.00,0.00,0.00,0.00,0.00
# end
