iOpt sensor log
number of sensors  3
include,degC
include,RH
sensor list 3,1,2
JulianTime,yyyy-mm-dd,hh:mm,00001B9_degC,00001B9_PPM,F200001B9_RH,00001BB_degC,00001BB_PPM,F200001BB_RH,00001BC_degC,00001BC_PPM,F200001BC_RH,
112.000000,2021-04-22 00:00,18.400,464.00,57.000,17.800,455.00,58.500,19.800,445.00,52.000
112.003471,2021-04-22 00:05,18.400,464.00,57.000,17.800,455.00,58.500,19.750,437.50,52.000
112.006943,2021-04-22 00:10,18.400,449.00,57.000,17.800,449.00,58.500,19.700,430.00,52.000
112.010414,2021-04-22 00:15,18.400,449.00,57.000,17.800,449.00,58.500,19.650,429.00,52.000
112.013885,2021-04-22 00:20,18.300,453.00,57.000,17.700,465.00,58.500,19.600,428.00,52.000
112.017365,2021-04-22 00:25,18.300,455.00,57.000,17.700,461.50,58.750,19.600,439.00,52.500
112.020836,2021-04-22 00:30,18.300,457.00,57.000,17.700,458.00,59.000,19.550,442.50,52.500
112.024307,2021-04-22 00:35,18.200,449.00,57.000,17.700,451.00,59.000,19.500,446.00,52.500
112.027779,2021-04-22 00:40,18.200,448.00,57.000,17.650,447.00,59.000,19.500,437.00,52.500
112.031250,2021-04-22 00:45,18.200,447.00,57.000,17.600,443.00,59.000,19.450,441.00,52.500
112.034721,2021-04-22 00:50,18.200,444.00,57.000,17.600,453.00,59.000,19.400,445.00,52.500
112.038193,2021-04-22 00:55,18.150,447.50,57.000,17.600,450.50,59.000,19.300,440.00,52.500
112.041664,2021-04-22 01:00,18.100,451.00,57.000,17.600,448.00,59.000,19.300,439.00,52.500
112.045135,2021-04-22 01:05,18.100,440.00,57.000,17.500,459.00,59.000,19.300,438.00,52.500
112.048615,2021-04-22 01:10,18.050,436.50,57.000,17.500,465.00,59.000,19.200,430.00,52.500
112.052086,2021-04-22 01:15,18.000,433.00,57.000,17.500,471.00,59.000,19.150,438.00,52.500
112.055557,2021-04-22 01:20,18.000,433.00,57.000,17.500,453.00,59.000,19.100,446.00,52.500
112.059029,2021-04-22 01:25,17.950,442.50,56.750,17.450,452.50,59.000,19.100,430.00,52.500
112.062500,2021-04-22 01:30,17.900,452.00,56.500,17.400,452.00,59.000,19.100,428.50,52.500
112.065971,2021-04-22 01:35,17.900,457.00,56.500,17.400,449.00,59.000,19.100,427.00,52.500
112.069443,2021-04-22 01:40,17.850,449.50,56.500,17.400,446.50,59.000,19.000,450.00,52.500
112.072914,2021-04-22 01:45,17.800,442.00,56.500,17.400,444.00,59.000,19.000,437.00,52.750
112.076385,2021-04-22 01:50,17.800,447.00,56.500,17.300,456.00,59.000,19.000,424.00,53.000
112.079865,2021-04-22 01:55,17.800,444.00,56.500,17.300,450.00,59.000,18.900,434.00,53.000
112.083336,2021-04-22 02:00,17.800,441.00,56.500,17.300,444.00,59.000,18.900,431.50,53.000
112.086807,2021-04-22 02:05,17.700,444.00,56.500,17.300,457.00,59.000,18.900,429.00,53.000
112.090279,2021-04-22 02:10,17.700,440.50,56.500,17.250,448.00,59.000,18.800,447.00,53.000
112.093750,2021-04-22 02:15,17.700,437.00,56.500,17.200,439.00,59.000,18.800,445.00,53.000
112.097221,2021-04-22 02:20,17.600,428.00,56.500,17.200,455.00,59.000,18.800,443.00,53.000
112.100693,2021-04-22 02:25,17.600,437.50,56.500,17.200,455.00,59.000,18.700,454.00,53.000
112.104164,2021-04-22 02:30,17.600,447.00,56.500,17.200,455.00,59.000,18.700,442.00,53.000
112.107635,2021-04-22 02:35,17.600,433.00,56.500,17.200,455.00,59.000,18.700,430.00,53.000
112.111115,2021-04-22 02:40,17.550,424.50,56.500,17.150,451.50,59.000,18.600,445.00,53.000
112.114586,2021-04-22 02:45,17.500,416.00,56.500,17.100,448.00,59.000,18.600,436.00,53.000
112.118057,2021-04-22 02:50,17.500,426.00,56.500,17.100,448.00,59.000,18.600,427.00,53.000
112.121529,2021-04-22 02:55,17.450,432.00,56.250,17.100,443.00,59.000,18.500,445.00,53.000
112.125000,2021-04-22 03:00,17.400,438.00,56.000,17.100,438.00,59.000,18.500,436.00,53.000
112.128471,2021-04-22 03:05,17.400,442.00,56.000,17.100,448.00,59.000,18.500,427.00,53.000
112.131943,2021-04-22 03:10,17.400,442.00,56.000,17.050,448.00,59.000,18.500,434.00,52.500
112.135414,2021-04-22 03:15,17.300,417.00,56.000,17.000,448.00,59.000,18.450,431.50,52.500
112.138885,2021-04-22 03:20,17.300,417.00,56.000,17.000,443.00,59.000,18.400,429.00,52.500
112.142365,2021-04-22 03:25,17.300,432.50,56.000,17.000,440.50,59.000,18.400,417.00,52.500
112.145836,2021-04-22 03:30,17.300,448.00,56.000,17.000,438.00,59.000,18.350,432.00,52.500
112.149307,2021-04-22 03:35,17.200,438.00,56.000,17.000,443.00,58.500,18.300,447.00,52.500
112.152779,2021-04-22 03:40,17.200,442.50,56.000,16.950,444.50,58.500,18.300,431.00,52.500
112.156250,2021-04-22 03:45,17.200,447.00,56.000,16.900,446.00,58.500,18.250,427.50,52.500
112.159721,2021-04-22 03:50,17.200,433.00,56.000,16.900,467.00,58.500,18.200,424.00,52.500
112.163193,2021-04-22 03:55,17.150,427.50,56.000,16.900,452.50,58.500,18.200,430.00,52.500
112.166664,2021-04-22 04:00,17.100,422.00,56.000,16.900,438.00,58.500,18.200,428.50,52.500
112.170135,2021-04-22 04:05,17.100,431.00,56.000,16.900,450.00,58.500,18.200,427.00,52.500
112.173615,2021-04-22 04:10,17.150,437.00,55.750,16.950,448.00,58.250,18.400,427.00,52.500
112.177086,2021-04-22 04:15,17.200,443.00,55.500,17.000,446.00,58.000,18.650,441.50,52.250
112.180557,2021-04-22 04:20,17.600,442.00,54.500,17.400,460.00,56.500,18.900,456.00,52.000
112.184029,2021-04-22 04:25,17.900,448.00,53.500,17.700,456.50,55.750,19.600,447.00,51.000
112.187500,2021-04-22 04:30,18.200,454.00,52.500,18.000,453.00,55.000,19.950,443.00,50.250
112.190971,2021-04-22 04:35,18.800,442.00,51.000,18.600,455.00,53.500,20.300,439.00,49.500
112.194443,2021-04-22 04:40,19.000,441.50,50.500,18.850,450.00,53.000,20.800,432.00,48.500
112.197914,2021-04-22 04:45,19.200,441.00,50.000,19.100,445.00,52.500,21.000,441.50,48.000
112.201385,2021-04-22 04:50,19.300,431.00,50.000,19.500,442.00,51.000,21.200,451.00,47.500
112.204865,2021-04-22 04:55,19.300,442.50,50.250,19.700,444.50,50.750,21.600,455.00,46.000
112.208336,2021-04-22 05:00,19.300,454.00,50.500,19.900,447.00,50.500,21.800,442.00,45.750
112.211807,2021-04-22 05:05,19.100,456.00,51.500,20.100,447.00,49.500,22.000,429.00,45.500
112.215279,2021-04-22 05:10,19.100,453.50,51.500,20.200,431.00,49.250,22.300,444.00,45.000
112.218750,2021-04-22 05:15,19.100,451.00,51.500,20.300,415.00,49.000,22.400,434.00,44.750
112.222221,2021-04-22 05:20,19.200,449.00,52.000,20.500,425.00,48.500,22.500,424.00,44.500
112.225693,2021-04-22 05:25,19.200,453.00,52.000,20.550,431.00,48.250,22.500,424.00,44.500
112.229164,2021-04-22 05:30,19.200,457.00,52.000,20.600,437.00,48.000,22.900,443.00,43.500
112.232635,2021-04-22 05:35,19.200,457.00,52.000,20.700,423.00,48.000,22.900,443.00,43.500
112.236115,2021-04-22 05:40,19.300,442.00,52.000,20.700,420.50,47.750,23.000,436.00,43.500
112.239586,2021-04-22 05:45,19.300,442.00,52.000,20.700,418.00,47.500,23.050,437.00,43.250
112.243057,2021-04-22 05:50,19.300,461.00,52.000,20.900,426.00,47.500,23.100,438.00,43.000
112.246529,2021-04-22 05:55,19.350,461.00,51.750,20.950,429.00,47.250,23.300,438.00,43.000
112.250000,2021-04-22 06:00,19.400,461.00,51.500,21.000,432.00,47.000,23.350,440.50,42.750
112.253471,2021-04-22 06:05,19.500,464.00,51.500,21.100,429.00,47.000,23.400,443.00,42.500
112.256943,2021-04-22 06:10,19.550,462.50,51.500,21.150,421.50,46.750,23.500,427.00,42.500
112.260414,2021-04-22 06:15,19.600,461.00,51.500,21.200,414.00,46.500,23.550,435.00,42.250
112.263885,2021-04-22 06:20,19.700,457.00,51.500,21.400,420.00,46.500,23.600,443.00,42.000
112.267365,2021-04-22 06:25,19.750,461.50,51.250,21.450,418.00,46.250,23.700,443.00,42.000
112.270836,2021-04-22 06:30,19.800,466.00,51.000,21.500,416.00,46.000,23.750,440.50,42.000
112.274307,2021-04-22 06:34,19.900,454.00,51.000,21.600,427.00,46.000,23.800,438.00,42.000
112.277779,2021-04-22 06:39,19.950,457.50,51.000,21.650,414.00,46.000,23.900,447.00,41.500
112.281250,2021-04-22 06:44,20.000,461.00,51.000,21.700,401.00,46.000,23.950,444.50,41.500
112.284721,2021-04-22 06:49,20.000,449.00,50.500,21.800,417.00,45.500,24.000,442.00,41.500
112.288193,2021-04-22 06:54,20.050,458.00,50.500,21.900,419.00,45.500,24.100,434.00,41.500
112.291664,2021-04-22 06:59,20.100,467.00,50.500,22.000,421.00,45.500,24.150,437.00,41.500
112.295135,2021-04-22 07:04,20.200,448.00,50.500,22.100,434.00,45.000,24.200,440.00,41.500
112.298615,2021-04-22 07:09,20.200,453.50,50.500,22.000,424.50,45.250,24.100,425.00,41.500
112.302086,2021-04-22 07:14,20.200,459.00,50.500,21.900,415.00,45.500,23.950,437.50,41.750
112.305557,2021-04-22 07:19,20.200,466.00,50.500,21.700,421.00,45.500,23.800,450.00,42.000
112.309029,2021-04-22 07:24,20.200,453.00,50.500,21.550,417.50,45.750,23.500,442.00,42.500
112.312500,2021-04-22 07:29,20.200,440.00,50.500,21.400,414.00,46.000,23.300,444.00,42.750
112.315971,2021-04-22 07:34,20.100,448.00,50.500,21.100,430.00,46.500,23.100,446.00,43.000
112.319443,2021-04-22 07:39,20.050,455.00,50.500,21.000,427.50,46.750,22.800,431.00,43.500
112.322914,2021-04-22 07:44,20.000,462.00,50.500,20.900,425.00,47.000,22.600,432.00,43.750
112.326385,2021-04-22 07:49,20.000,439.00,51.000,20.600,415.00,48.000,22.400,433.00,44.000
112.329865,2021-04-22 07:54,19.950,441.50,51.000,20.500,422.50,48.000,22.100,417.00,44.500
112.333336,2021-04-22 07:59,19.900,444.00,51.000,20.400,430.00,48.000,21.950,418.00,44.750
112.336807,2021-04-22 08:04,19.800,449.00,51.000,20.200,421.00,48.500,21.800,419.00,45.000
112.340279,2021-04-22 08:09,19.750,446.50,51.000,20.100,419.50,48.750,21.600,442.00,45.500
112.343750,2021-04-22 08:14,19.700,444.00,51.000,20.000,418.00,49.000,21.450,438.50,45.750
112.347221,2021-04-22 08:19,19.700,449.00,51.000,19.800,406.00,49.000,21.300,435.00,46.000
112.350693,2021-04-22 08:24,19.700,446.50,51.000,19.750,423.00,49.250,21.100,429.00,46.000
112.354164,2021-04-22 08:29,19.700,444.00,51.000,19.700,440.00,49.500,21.000,429.50,46.250
112.357635,2021-04-22 08:34,19.600,447.00,50.500,19.600,438.00,49.500,20.900,430.00,46.500
112.361115,2021-04-22 08:39,19.550,444.50,50.750,19.550,434.00,49.750,20.700,411.00,47.000
112.364586,2021-04-22 08:44,19.500,442.00,51.000,19.500,430.00,50.000,20.650,415.50,47.000
112.368057,2021-04-22 08:49,19.500,452.00,50.500,19.400,430.00,50.000,20.600,420.00,47.000
112.371529,2021-04-22 08:54,19.450,449.50,50.750,19.350,422.00,50.000,20.400,428.00,47.500
112.375000,2021-04-22 08:59,19.400,447.00,51.000,19.300,414.00,50.000,20.350,427.00,47.750
112.378471,2021-04-22 09:04,19.300,439.00,51.000,19.200,417.00,50.000,20.300,426.00,48.000
112.381943,2021-04-22 09:09,19.300,445.00,50.750,19.200,419.00,50.250,20.200,442.00,48.000
112.385414,2021-04-22 09:14,19.300,451.00,50.500,19.200,421.00,50.500,20.150,438.50,48.250
112.388885,2021-04-22 09:19,19.200,448.00,50.500,19.100,427.00,50.500,20.100,435.00,48.500
112.392357,2021-04-22 09:24,19.200,444.00,50.500,19.100,424.00,50.500,20.000,417.00,48.500
112.395836,2021-04-22 09:29,19.200,440.00,50.500,19.100,421.00,50.500,19.950,423.50,48.750
112.399307,2021-04-22 09:34,19.200,434.00,50.500,19.000,428.00,50.500,19.900,430.00,49.000
112.402779,2021-04-22 09:39,19.150,435.00,50.500,19.000,432.50,50.500,19.800,430.00,49.000
112.406250,2021-04-22 09:44,19.100,436.00,50.500,19.000,437.00,50.500,19.750,441.50,49.000
112.409721,2021-04-22 09:49,19.100,426.00,51.000,18.900,420.00,51.000,19.700,453.00,49.000
112.413193,2021-04-22 09:54,19.050,432.00,51.000,18.850,416.50,51.000,19.700,421.00,49.500
112.416664,2021-04-22 09:59,19.000,438.00,51.000,18.800,413.00,51.000,19.650,428.00,49.500
112.420135,2021-04-22 10:04,19.000,434.00,51.000,18.800,444.00,51.500,19.600,435.00,49.500
112.423607,2021-04-22 10:09,18.950,436.50,51.000,18.800,424.50,51.500,19.600,422.00,49.500
112.427086,2021-04-22 10:14,18.900,439.00,51.000,18.800,405.00,51.500,19.550,420.50,49.500
112.430557,2021-04-22 10:19,18.900,431.00,51.000,18.700,405.00,51.500,19.500,419.00,49.500
112.434029,2021-04-22 10:24,18.900,431.00,51.000,18.700,421.50,51.500,19.500,445.00,49.500
112.437500,2021-04-22 10:29,18.900,431.00,51.000,18.700,438.00,51.500,19.450,444.00,49.750
112.440971,2021-04-22 10:34,18.800,441.00,51.000,18.600,431.00,52.000,19.400,443.00,50.000
112.444443,2021-04-22 10:39,18.800,426.50,51.000,18.600,430.00,52.000,19.400,412.00,50.000
112.447914,2021-04-22 10:44,18.800,412.00,51.000,18.600,429.00,52.000,19.350,423.00,50.000
112.451385,2021-04-22 10:49,18.700,426.00,51.500,18.500,430.00,52.000,19.300,434.00,50.000
112.454857,2021-04-22 10:54,18.700,436.50,51.500,18.500,423.00,52.000,19.300,438.00,50.000
112.458336,2021-04-22 10:59,18.700,447.00,51.500,18.500,416.00,52.000,19.300,434.00,50.000
112.461807,2021-04-22 11:04,18.700,424.00,51.500,18.400,422.00,52.500,19.300,430.00,50.000
112.465279,2021-04-22 11:09,18.700,435.00,51.500,18.400,430.00,52.500,19.300,431.00,50.000
112.468750,2021-04-22 11:14,18.700,446.00,51.500,18.400,438.00,52.500,19.250,431.00,50.000
112.472221,2021-04-22 11:19,18.600,431.00,51.500,18.400,431.00,52.500,19.200,431.00,50.000
112.475693,2021-04-22 11:24,18.600,436.50,51.500,18.350,433.50,52.500,19.200,431.00,50.000
112.479164,2021-04-22 11:29,18.600,442.00,51.500,18.300,436.00,52.500,19.150,432.00,50.250
112.482635,2021-04-22 11:34,18.600,426.00,51.500,18.300,434.00,52.500,19.100,433.00,50.500
112.486107,2021-04-22 11:39,18.550,430.00,51.500,18.250,441.00,52.500,19.100,433.00,50.500
112.489586,2021-04-22 11:44,18.500,434.00,51.500,18.200,448.00,52.500,19.100,436.50,50.500
112.493057,2021-04-22 11:49,18.500,426.00,51.500,18.200,416.00,53.000,19.100,440.00,50.500
112.496529,2021-04-22 11:54,18.500,427.00,51.500,18.200,428.00,53.000,19.100,412.00,50.500
112.500000,2021-04-22 11:59,18.500,428.00,51.500,18.200,440.00,53.000,19.100,428.50,50.500
112.503471,2021-04-22 12:04,18.500,433.00,52.000,18.100,413.00,53.000,19.100,445.00,50.500
112.506943,2021-04-22 12:09,18.450,432.00,52.000,18.100,421.00,53.000,19.100,430.00,50.500
112.510414,2021-04-22 12:14,18.400,431.00,52.000,18.100,429.00,53.000,19.100,433.00,50.500
112.513885,2021-04-22 12:19,18.400,448.00,52.000,18.100,439.00,53.000,19.100,436.00,50.500
112.517357,2021-04-22 12:24,18.400,442.50,52.000,18.100,427.50,53.000,19.100,433.00,50.500
112.520836,2021-04-22 12:29,18.400,437.00,52.000,18.100,416.00,53.000,19.100,435.00,50.500
112.524307,2021-04-22 12:34,18.400,432.00,52.000,18.000,426.00,53.500,19.100,437.00,50.500
112.527779,2021-04-22 12:39,18.400,429.50,52.000,18.000,424.00,53.500,19.100,425.00,50.500
112.531250,2021-04-22 12:44,18.400,427.00,52.000,18.000,422.00,53.500,19.100,433.50,50.500
112.534721,2021-04-22 12:49,18.400,434.00,52.000,18.000,424.00,53.500,19.100,442.00,50.500
112.538193,2021-04-22 12:54,18.400,427.50,52.000,18.000,431.50,53.500,19.100,415.00,50.500
112.541664,2021-04-22 12:59,18.400,421.00,52.000,18.000,439.00,53.500,19.100,418.50,50.500
112.545135,2021-04-22 13:04,18.300,436.00,52.000,17.900,430.00,53.500,19.100,422.00,50.500
112.548607,2021-04-22 13:09,18.300,432.00,52.000,17.900,421.50,53.500,19.100,429.50,50.250
112.552086,2021-04-22 13:14,18.300,428.00,52.000,17.900,413.00,53.500,19.100,437.00,50.000
112.555557,2021-04-22 13:19,18.300,444.00,52.000,17.900,422.00,54.000,19.100,433.00,50.000
112.559029,2021-04-22 13:24,18.300,436.00,52.000,17.900,423.00,54.000,19.200,436.00,50.000
112.562500,2021-04-22 13:29,18.300,428.00,52.000,17.900,424.00,54.000,19.200,433.00,50.000
112.565971,2021-04-22 13:34,18.300,439.00,52.000,17.900,422.00,54.000,19.200,430.00,50.000
112.569443,2021-04-22 13:39,18.300,436.00,52.000,17.850,421.00,54.000,19.300,427.00,49.500
112.572914,2021-04-22 13:44,18.300,433.00,52.000,17.800,420.00,54.000,19.300,422.00,49.500
112.576385,2021-04-22 13:49,18.300,432.00,52.000,17.800,435.00,54.000,19.300,417.00,49.500
112.579857,2021-04-22 13:54,18.300,432.00,52.000,17.800,439.00,54.000,19.400,431.00,49.500
112.583336,2021-04-22 13:59,18.300,432.00,52.000,17.800,443.00,54.000,19.400,432.50,49.500
112.586807,2021-04-22 14:04,18.300,419.00,52.000,17.800,426.00,54.000,19.400,434.00,49.500
112.590279,2021-04-22 14:09,18.250,423.00,52.000,17.800,427.00,54.250,19.500,450.00,49.000
112.593750,2021-04-22 14:14,18.200,427.00,52.000,17.800,428.00,54.500,19.500,446.50,49.000
112.597221,2021-04-22 14:19,18.200,444.00,52.000,17.800,433.00,54.500,19.500,443.00,49.000
112.600693,2021-04-22 14:24,18.200,436.00,52.000,17.750,429.50,54.500,19.600,421.00,49.000
112.604164,2021-04-22 14:29,18.200,428.00,52.000,17.700,426.00,54.500,19.600,422.00,48.750
112.607635,2021-04-22 14:34,18.200,419.00,52.000,17.700,444.00,54.500,19.600,423.00,48.500
112.611107,2021-04-22 14:39,18.200,435.00,52.000,17.700,443.00,54.500,19.600,410.00,48.500
112.614578,2021-04-22 14:44,18.200,451.00,52.000,17.700,442.00,54.500,19.650,420.00,48.250
112.618057,2021-04-22 14:49,18.200,419.00,52.000,17.700,437.00,54.500,19.700,430.00,48.000
112.621529,2021-04-22 14:54,18.200,426.00,52.000,17.700,431.00,54.500,19.700,430.00,48.000
112.625000,2021-04-22 14:59,18.200,433.00,52.000,17.700,425.00,54.500,19.750,423.00,48.000
112.628471,2021-04-22 15:04,18.200,422.00,52.000,17.600,430.00,54.500,19.800,416.00,48.000
112.631943,2021-04-22 15:09,18.200,428.00,52.000,17.600,430.00,54.500,19.800,422.00,47.500
112.635414,2021-04-22 15:14,18.200,434.00,52.000,17.600,439.00,54.500,19.850,427.00,47.500
112.638885,2021-04-22 15:19,18.200,423.00,51.500,17.600,439.00,54.500,19.900,432.00,47.500
112.642357,2021-04-22 15:24,18.150,420.50,51.500,17.600,441.50,54.500,19.900,422.00,47.500
112.645828,2021-04-22 15:29,18.100,418.00,51.500,17.600,444.00,54.500,19.900,426.00,47.250
112.649307,2021-04-22 15:34,18.100,426.00,51.500,17.600,448.00,54.500,19.900,430.00,47.000
112.652779,2021-04-22 15:39,18.100,431.50,51.500,17.600,446.00,54.500,20.000,405.00,47.000
112.656250,2021-04-22 15:44,18.100,437.00,51.500,17.600,444.00,54.500,20.000,415.50,46.750
112.659721,2021-04-22 15:49,18.100,416.00,51.500,17.600,442.00,54.500,20.000,426.00,46.500
112.663193,2021-04-22 15:54,18.100,416.50,51.500,17.550,442.00,54.500,20.050,414.50,46.500
112.666664,2021-04-22 15:59,18.100,417.00,51.500,17.500,442.00,54.500,20.100,403.00,46.500
112.670135,2021-04-22 16:04,18.100,413.00,51.500,17.500,442.00,54.500,20.100,428.00,46.500
112.673607,2021-04-22 16:09,18.100,419.50,51.500,17.500,434.00,54.500,20.100,427.00,46.250
112.677078,2021-04-22 16:14,18.100,426.00,51.500,17.500,426.00,54.500,20.100,426.00,46.000
112.680557,2021-04-22 16:19,18.100,427.00,51.000,17.500,438.00,54.500,20.200,423.00,46.000
112.684029,2021-04-22 16:24,18.100,425.00,51.000,17.500,439.00,54.500,20.200,433.50,46.000
112.687500,2021-04-22 16:29,18.100,423.00,51.000,17.500,440.00,54.500,20.200,444.00,46.000
112.690971,2021-04-22 16:34,18.100,423.00,51.000,17.500,447.00,54.500,20.200,411.00,46.000
112.694443,2021-04-22 16:39,18.100,422.50,51.000,17.450,449.00,54.500,20.200,416.50,45.750
112.697914,2021-04-22 16:44,18.100,422.00,51.000,17.400,451.00,54.500,20.200,422.00,45.500
112.701385,2021-04-22 16:49,18.100,438.00,51.000,17.400,433.00,54.500,20.200,419.00,45.500
112.704857,2021-04-22 16:54,18.050,435.50,51.000,17.400,441.00,54.500,20.200,419.00,45.500
112.708328,2021-04-22 16:59,18.000,433.00,51.000,17.400,449.00,54.500,20.200,419.00,45.500
112.711807,2021-04-22 17:04,18.000,428.00,51.000,17.400,451.00,54.500,20.300,421.00,45.000
112.715279,2021-04-22 17:09,18.100,438.50,50.500,17.550,447.50,54.000,20.450,420.00,45.000
112.718750,2021-04-22 17:14,18.200,449.00,50.000,17.700,444.00,53.500,20.600,419.00,45.000
112.722221,2021-04-22 17:19,18.700,433.00,48.000,18.100,430.00,52.000,21.100,441.00,44.000
112.725693,2021-04-22 17:24,19.050,434.50,47.000,18.450,432.00,51.250,21.450,433.50,43.500
112.729164,2021-04-22 17:29,19.400,436.00,46.000,18.800,434.00,50.500,21.800,426.00,43.000
112.732635,2021-04-22 17:34,19.900,444.00,44.500,19.400,426.00,49.000,22.400,432.00,42.000
112.736107,2021-04-22 17:39,20.000,441.50,44.500,19.650,423.50,48.250,22.600,428.00,41.750
112.739578,2021-04-22 17:44,20.100,439.00,44.500,19.900,421.00,47.500,22.800,424.00,41.500
112.743057,2021-04-22 17:49,20.000,421.00,45.500,20.300,420.00,46.500,23.200,454.00,40.500
112.746529,2021-04-22 17:54,19.950,431.50,46.000,20.450,421.50,46.000,23.400,437.00,40.250
112.750000,2021-04-22 17:59,19.900,442.00,46.500,20.600,423.00,45.500,23.600,420.00,40.000
112.753471,2021-04-22 18:04,20.000,421.00,46.500,20.900,407.00,45.000,23.800,421.00,39.500
112.756943,2021-04-22 18:09,20.000,424.00,46.500,20.950,410.00,44.750,23.950,439.50,39.250
112.760414,2021-04-22 18:14,20.000,427.00,46.500,21.000,413.00,44.500,24.100,458.00,39.000
112.763885,2021-04-22 18:19,20.100,436.00,46.500,21.200,414.00,44.000,24.300,446.00,39.000
112.767357,2021-04-22 18:24,20.100,438.00,46.750,21.250,408.00,43.750,24.350,443.00,38.750
112.770828,2021-04-22 18:29,20.100,440.00,47.000,21.300,402.00,43.500,24.400,440.00,38.500
112.774307,2021-04-22 18:34,20.200,423.00,46.500,21.500,405.00,43.500,24.500,446.00,38.500
112.777779,2021-04-22 18:39,20.200,435.00,46.500,21.550,400.50,43.250,24.550,438.00,38.250
112.781250,2021-04-22 18:44,20.200,447.00,46.500,21.600,396.00,43.000,24.600,430.00,38.000
112.784721,2021-04-22 18:49,20.200,447.00,46.500,21.600,400.00,42.500,24.700,447.00,38.000
112.788193,2021-04-22 18:54,20.200,441.50,46.500,21.650,403.50,42.500,24.700,449.50,37.750
112.791664,2021-04-22 18:59,20.200,436.00,46.500,21.700,407.00,42.500,24.700,452.00,37.500
112.795135,2021-04-22 19:04,20.300,437.00,46.000,21.800,401.00,42.000,24.700,438.00,37.500
112.798607,2021-04-22 19:09,20.350,435.50,46.000,21.800,401.50,42.000,24.750,443.50,37.500
112.802078,2021-04-22 19:14,20.400,434.00,46.000,21.800,402.00,42.000,24.800,449.00,37.500
112.805557,2021-04-22 19:19,20.400,448.00,46.000,21.900,408.00,42.000,24.800,447.00,37.000
112.809029,2021-04-22 19:24,20.450,457.00,45.750,21.900,416.50,41.750,24.850,450.00,37.000
112.812500,2021-04-22 19:29,20.500,466.00,45.500,21.900,425.00,41.500,24.900,453.00,37.000
112.815971,2021-04-22 19:34,20.500,433.00,45.500,22.000,412.00,41.500,24.900,462.00,37.000
112.819443,2021-04-22 19:39,20.500,442.00,45.500,22.000,412.00,41.250,24.950,463.50,36.750
112.822914,2021-04-22 19:44,20.500,451.00,45.500,22.000,412.00,41.000,25.000,465.00,36.500
112.826385,2021-04-22 19:49,20.600,448.00,45.500,22.100,409.00,41.000,25.000,447.00,36.500
112.829857,2021-04-22 19:54,20.600,442.50,45.250,22.100,403.00,41.000,25.000,448.00,36.500
112.833328,2021-04-22 19:59,20.600,437.00,45.000,22.100,397.00,41.000,25.000,449.00,36.500
112.836807,2021-04-22 20:04,20.700,440.00,45.000,22.200,399.00,40.500,25.000,462.00,36.500
112.840279,2021-04-22 20:09,20.750,457.50,45.000,22.200,399.50,40.500,25.050,460.50,36.500
112.843750,2021-04-22 20:14,20.800,475.00,45.000,22.200,400.00,40.500,25.100,459.00,36.500
112.847221,2021-04-22 20:19,20.800,444.00,45.000,22.300,404.00,40.500,25.100,440.00,36.500
112.850693,2021-04-22 20:24,20.800,451.50,45.000,22.300,397.00,40.500,25.150,446.50,36.500
112.854164,2021-04-22 20:29,20.800,459.00,45.000,22.300,390.00,40.500,25.200,453.00,36.500
112.857635,2021-04-22 20:34,20.900,448.00,45.000,22.400,401.00,40.500,25.200,463.00,36.500
112.861107,2021-04-22 20:39,20.900,453.00,45.000,22.400,410.50,40.500,25.200,454.00,36.500
112.864578,2021-04-22 20:44,20.900,458.00,45.000,22.400,420.00,40.500,25.200,445.00,36.500
112.868050,2021-04-22 20:49,21.000,447.00,45.000,22.400,407.00,40.500,25.300,449.00,36.500
112.871529,2021-04-22 20:54,21.000,447.00,45.000,22.450,403.50,40.500,25.300,456.50,36.500
112.875000,2021-04-22 20:59,21.000,454.00,45.000,22.500,400.00,40.500,25.300,464.00,36.500
112.878471,2021-04-22 21:04,21.000,454.00,45.000,22.500,394.00,40.500,25.300,447.00,36.500
112.881943,2021-04-22 21:09,21.000,446.00,45.000,22.400,390.00,40.500,25.250,448.00,36.500
112.885414,2021-04-22 21:14,21.000,438.00,45.000,22.300,386.00,40.500,25.200,449.00,36.500
112.888885,2021-04-22 21:19,21.000,444.00,45.000,22.000,400.00,41.000,24.900,460.00,37.000
112.892357,2021-04-22 21:24,20.950,451.00,45.000,21.850,407.00,41.250,24.500,470.00,37.500
112.895828,2021-04-22 21:29,20.900,458.00,45.000,21.700,414.00,41.500,24.350,459.50,37.750
112.899300,2021-04-22 21:34,20.800,446.00,45.500,21.300,412.00,42.000,24.200,449.00,38.000
112.902779,2021-04-22 21:39,20.700,431.50,45.500,21.150,413.00,42.250,24.000,440.00,38.000
112.906250,2021-04-22 21:44,20.600,417.00,45.500,21.000,414.00,42.500,23.800,431.00,38.000
112.909721,2021-04-22 21:49,20.500,438.00,46.000,20.700,411.00,43.000,23.500,427.00,38.500
112.913193,2021-04-22 21:54,20.400,439.50,46.000,20.550,410.50,43.000,23.300,434.50,38.750
112.916664,2021-04-22 21:59,20.300,441.00,46.000,20.400,410.00,43.000,23.100,442.00,39.000
112.920135,2021-04-22 22:04,20.200,439.00,46.500,20.400,410.00,43.000,22.800,427.00,39.500
112.923607,2021-04-22 22:09,20.150,438.50,46.500,20.000,394.00,44.500,22.650,433.50,39.750
112.927078,2021-04-22 22:14,20.100,438.00,46.500,20.000,394.00,44.500,22.500,440.00,40.000
112.930550,2021-04-22 22:19,20.000,447.00,47.000,19.800,411.00,45.000,22.300,417.00,40.500
112.934029,2021-04-22 22:24,19.950,441.50,47.000,19.700,421.00,45.000,22.200,426.50,40.500
112.937500,2021-04-22 22:29,19.900,436.00,47.000,19.600,431.00,45.000,22.100,436.00,40.500
112.940971,2021-04-22 22:34,19.700,418.00,47.000,19.500,424.00,45.500,21.900,430.00,41.000
112.944443,2021-04-22 22:39,19.700,425.00,47.250,19.450,424.50,45.500,21.800,423.00,41.250
112.947914,2021-04-22 22:44,19.700,432.00,47.500,19.400,425.00,45.500,21.700,416.00,41.500
112.951385,2021-04-22 22:49,19.600,453.00,47.500,19.300,409.00,46.000,21.500,429.00,41.500
112.954857,2021-04-22 22:54,19.550,447.50,47.750,19.250,407.00,46.000,21.400,434.00,41.750
112.958328,2021-04-22 22:59,19.500,442.00,48.000,19.200,405.00,46.000,21.300,439.00,42.000
112.961800,2021-04-22 23:04,19.400,436.00,48.000,19.100,419.00,46.500,21.200,416.00,42.500
112.965279,2021-04-22 23:09,19.350,445.00,48.000,19.050,421.50,46.500,21.100,416.00,42.500
112.968750,2021-04-22 23:14,19.300,454.00,48.000,19.000,424.00,46.500,21.000,416.00,42.500
112.972221,2021-04-22 23:19,19.200,436.00,48.500,18.900,404.00,47.000,20.900,429.00,43.000
112.975693,2021-04-22 23:24,19.200,437.50,48.500,18.900,414.50,47.000,20.850,435.00,43.000
112.979164,2021-04-22 23:29,19.200,439.00,48.500,18.900,425.00,47.000,20.800,441.00,43.000
112.982635,2021-04-22 23:34,19.100,433.00,48.500,18.800,422.00,47.500,20.700,444.00,43.500
112.986107,2021-04-22 23:39,19.100,433.00,48.500,18.800,412.50,47.500,20.650,447.50,43.500
112.989578,2021-04-22 23:44,18.900,439.00,49.000,18.800,403.00,47.500,20.600,451.00,43.500
112.993050,2021-04-22 23:49,18.900,439.00,49.000,18.700,423.00,48.000,20.400,421.00,44.000
112.996529,2021-04-22 23:54,18.900,439.00,49.000,18.700,423.00,48.000,20.400,421.00,44.000
# end
